100
0   1081   66   215   1160   644   34   1906   644   1460   32   2024   963   988   102   171   1417   1423   338   1080   1372   1545   1400   636   1148   1031   1156   8   1120   1149   25   2029   1969   21   162   1499   427   1522   113   371   265   32   1345   1344   266   244   22   935   1988   72   187   38   187   1302   1998   580   5   2   632   928   1081   897   26   1060   635   1960   2018   897   950   1085   1516   1060   1135   1944   971   2026   290   1989   447   624   634   475   151   897   847   166   1423   301   1158   633   1252   508   1998   184   226   187   197   346   150   1439   
1081   0   1141   971   291   1375   196   77   35   1032   63   1212   1400   139   1449   1144   988   970   650   1021   336   620   197   374   1583   1116   88   5   222   1116   383   1437   434   1176   10   374   1003   1372   629   23   54   1148   187   53   1475   638   269   2044   938   799   1068   264   2026   297   950   328   51   1147   73   1345   18   932   1484   592   315   1349   1128   295   1035   915   906   117   799   67   1989   1063   1988   15   379   2045   1207   1310   0   2010   1580   1079   876   904   1578   1128   1187   226   465   803   1954   190   41   1093   300   29   
66   1141   0   2008   1901   91   274   648   64   1434   1923   248   229   1498   463   1498   91   26   23   21   1904   1106   1922   1112   73   159   1253   1023   934   1210   1496   611   1422   1139   212   1080   925   193   946   1539   69   1458   1410   445   65   1005   211   79   173   1113   394   1181   244   1498   624   1182   59   1086   154   1032   395   1533   101   648   145   57   952   6   974   971   1163   1088   352   911   585   1201   395   60   2049   1214   84   50   1093   624   216   905   1420   1492   2034   25   242   44   1050   1143   634   909   626   970   802   1385   
215   971   2008   0   1302   1213   970   1148   647   994   640   1103   940   1093   1927   925   12   187   1437   2000   1064   196   1372   67   972   280   950   1430   1117   203   425   299   54   1586   202   99   1003   1067   0   1027   497   1029   196   1927   1143   51   299   99   345   353   636   812   970   1179   215   95   54   1161   1941   151   1   1446   222   52   299   637   21   361   904   1131   1486   1475   632   295   607   1416   1218   315   346   1030   1156   1357   625   1005   306   351   1442   184   94   197   115   1073   1438   1358   1191   1104   87   64   637   1163   
1160   291   1901   1302   0   40   346   963   928   181   993   1173   867   83   946   87   1431   592   169   1250   1535   1377   34   1176   974   1325   986   310   1190   2030   1536   89   1108   418   1156   640   591   41   21   1125   68   10   291   15   203   2030   354   1895   0   219   1028   65   327   39   1202   5   610   1946   14   1028   970   73   274   1205   8   368   79   0   1093   1197   390   936   474   1151   2026   901   804   1250   59   111   335   363   1098   144   1428   43   1416   1371   305   54   611   71   46   47   261   902   1215   1158   139   1115   
644   1375   91   1213   40   0   115   876   138   333   616   193   923   1188   1104   628   370   1118   975   89   1198   88   2025   1212   25   68   1423   255   66   185   909   640   79   1573   386   477   926   1209   1136   479   24   1942   1966   242   1212   1081   960   1158   162   1434   1117   848   2019   952   1411   1250   1423   376   2028   357   1061   900   300   1128   1966   26   379   2035   404   89   2010   2025   1265   1117   1113   1364   1475   1357   1950   90   338   970   25   1013   1068   26   90   275   34   196   1416   1018   176   908   952   334   971   0   1475   190   
34   196   274   970   346   115   0   440   1373   32   1593   1061   337   310   616   187   1164   1463   632   1126   203   1113   329   192   1941   106   1248   925   1407   1510   326   2047   873   274   1061   625   1148   1179   228   54   193   383   52   1362   626   1984   180   1575   1191   1356   639   1209   1187   299   1173   261   941   1131   1444   1936   1193   1123   3   1448   84   1104   1003   634   192   1539   800   1459   1187   1089   187   985   87   128   193   126   273   1436   917   255   219   1110   963   1081   1895   629   2002   0   84   1061   327   1173   379   1110   963   230   
1906   77   648   1148   963   876   440   0   319   1115   1342   33   1027   1372   1604   465   963   986   1373   63   967   0   189   338   338   613   0   113   2024   44   377   636   86   410   450   102   176   281   1017   1435   796   502   410   67   14   605   939   1053   646   125   1927   1065   1464   0   618   1955   911   425   389   1174   986   370   111   941   68   121   1267   1120   186   355   269   1132   1248   0   616   357   266   338   60   970   66   0   637   927   2002   261   1160   1464   630   1325   1061   194   1397   103   297   190   474   479   84   0   
644   35   64   647   928   138   1373   319   0   1476   1167   223   939   1302   0   980   1099   937   913   625   637   358   1428   34   1164   1997   993   15   936   414   981   387   1160   0   85   1902   1364   978   113   242   285   1196   1381   1072   1214   0   1028   1212   289   2035   419   497   1961   1027   1917   880   618   108   621   1624   20   1570   1560   1961   1344   327   952   2024   1436   335   1302   1091   91   144   1397   335   1118   315   197   612   1041   18   189   1325   342   289   1115   11   1476   1389   936   1498   980   1121   31   270   1205   1399   1115   101   
1460   1032   1434   994   181   333   32   1115   1476   0   973   351   345   1254   1098   46   626   47   1179   303   31   925   166   53   126   2012   1593   361   1422   1043   281   2004   1214   630   974   94   1109   1205   969   1400   911   635   1358   327   1128   378   1161   108   313   343   114   1399   1064   1955   138   1956   73   154   1097   914   124   1061   1061   152   1209   301   1416   255   1941   197   1342   310   956   1066   572   171   1072   15   802   52   1387   21   299   52   398   1624   318   1430   585   986   101   1248   179   1095   72   296   980   454   42   1431   
32   63   1923   640   993   616   1593   1342   1167   973   0   180   1076   893   64   621   479   994   65   980   1362   410   128   1459   1353   141   1177   53   1035   1124   799   1325   412   368   354   2   581   1121   1149   313   1151   41   15   270   377   60   196   893   971   1475   2045   1443   87   1073   1212   6   953   1172   0   1962   973   368   319   1357   1388   1005   635   201   1570   0   935   1130   66   289   1139   10   1092   337   1173   1066   71   274   0   193   9   1985   934   1158   171   792   1179   87   300   1149   582   1161   76   1194   986   964   
2024   1212   248   1103   1173   193   1061   33   223   351   180   0   1436   265   23   928   1399   1451   327   586   936   100   343   116   184   1302   1539   799   996   173   2002   904   310   1483   356   440   1235   4   26   274   6   1302   950   1041   7   13   1372   1416   270   198   1141   1068   0   953   1117   985   935   1091   0   295   901   964   1201   15   355   969   2009   2015   306   0   450   932   992   295   1492   223   1428   1188   248   1961   644   648   1962   67   952   996   796   177   991   1498   2030   639   226   236   1041   2025   1118   330   63   1246   
963   1400   229   940   867   923   337   1027   939   345   1076   1436   0   52   960   394   1177   937   648   428   1082   387   619   323   1413   1451   1   1125   918   357   110   175   44   812   847   915   24   1130   62   1345   1960   625   86   301   1998   993   72   359   1343   1188   177   1165   507   981   18   64   297   1209   385   507   1492   609   1152   1204   634   628   1955   1397   900   60   1923   1073   1384   1386   1529   989   171   3   1123   0   1176   299   1891   1091   1191   1998   303   6   902   91   21   407   2024   35   1061   13   616   647   1214   1053   
988   139   1498   1093   83   1188   310   1372   1302   1254   893   265   52   0   1932   166   425   76   632   983   325   989   1088   59   970   62   1218   2019   634   123   1158   0   0   1030   18   970   1080   1997   1248   1097   287   911   296   1135   1998   2015   27   387   1246   6   1207   214   1498   299   1357   1192   18   298   929   212   1079   205   197   581   1179   169   65   319   128   1451   911   176   608   502   1023   266   1956   629   1103   299   31   2030   875   25   1197   343   1084   1050   1105   319   1053   393   1946   936   1169   313   139   171   1604   90   
102   1449   463   1927   946   1104   616   1604   0   1098   64   23   960   1932   0   22   980   936   288   629   1098   643   113   1464   1451   24   897   198   938   418   1136   1467   1315   40   338   48   90   34   962   327   1416   404   635   643   376   313   1174   1163   968   1141   1218   988   1476   1125   640   1575   302   179   249   971   1053   289   1018   40   12   127   1315   87   289   1960   1415   969   440   355   42   635   644   2046   169   1373   24   1352   978   798   86   1459   362   1062   636   1496   875   289   311   1372   930   1527   10   0   974   24   
171   1144   1498   925   87   628   187   465   980   46   621   928   394   166   22   0   128   1119   305   341   57   188   158   1479   1250   984   1248   610   1041   43   987   586   1423   938   113   625   1396   1210   114   1533   33   599   27   1163   1065   1440   422   12   440   310   1043   65   406   983   1066   1895   441   650   629   90   1148   803   1967   49   925   609   1165   2028   1135   970   8   984   1342   1501   1372   2024   26   1063   1181   903   279   460   985   1090   1100   345   1127   463   1127   1902   1084   1425   140   4   128   1539   632   1179   635   924   
1417   988   91   12   1431   370   1164   963   1099   626   479   1399   1177   425   980   128   0   1028   1372   329   51   588   1163   21   113   20   15   1021   991   1385   0   311   188   2031   9   305   90   84   102   2047   1149   29   1367   154   17   648   0   1491   4   625   1080   1130   15   1958   613   1575   1917   1109   1381   1989   1169   21   1434   847   621   1210   1922   325   1551   934   381   1154   1434   1183   1496   878   1437   39   42   114   962   1250   305   1396   993   921   87   630   1058   1440   103   628   441   467   103   72   1501   798   34   972   
1423   970   26   187   592   1118   1463   986   937   47   994   1451   937   76   936   1119   1028   0   325   269   1122   650   792   636   196   111   72   326   1237   1173   1585   1226   1129   287   997   364   2030   1560   63   21   648   1417   1997   310   19   188   1   34   944   283   261   1197   1079   98   90   416   1063   1106   575   1569   3   1093   1080   1961   1097   1198   116   638   1475   645   1027   7   27   434   66   637   22   1185   799   1081   997   395   597   74   7   1955   52   609   1416   621   847   49   1451   1463   72   319   298   1165   799   1159   
338   650   23   1437   169   975   632   1373   913   1179   65   327   648   632   288   305   1372   325   0   50   0   1148   1106   359   1248   1085   1475   881   406   1073   44   313   291   1113   1984   1147   135   605   1371   965   89   35   318   86   1028   440   1017   1416   1923   90   1400   172   1121   908   57   1985   301   1127   908   634   1029   310   43   479   1998   945   1106   15   931   616   909   1373   855   265   508   1580   1196   311   956   286   244   215   357   390   1164   1189   79   1497   618   0   410   1539   319   597   846   1510   1099   390   789   1252   
1080   1021   21   2000   1250   89   1126   63   625   303   980   586   428   983   629   341   329   269   50   0   1092   618   1399   301   31   351   1498   979   1060   904   1459   353   274   942   1130   1960   193   47   272   1209   1226   1443   1984   903   1957   1941   974   345   335   1160   79   1962   1449   22   1474   176   1384   1032   950   2031   26   6   274   10   51   239   616   1169   219   291   586   1302   301   0   197   179   34   1372   1444   6   447   945   837   1059   978   1357   1513   316   981   355   82   1978   1065   1032   2012   98   405   937   197   638   
1372   336   1904   1064   1535   1198   203   967   637   31   1362   936   1082   325   1098   57   51   1122   0   1092   0   0   1218   1405   1389   1486   605   122   1188   1388   0   1098   89   260   3   273   1464   219   49   440   1560   38   31   2028   629   1227   992   635   3   1074   1029   6   1011   1381   242   441   1065   1031   1960   1399   359   1191   435   848   18   1599   979   1133   94   308   197   1486   944   1007   32   1018   115   50   274   363   1464   127   139   1085   1448   1371   1126   1476   212   353   942   197   1522   586   0   1484   1400   2009   95   71   
1545   620   1106   196   1377   88   1113   0   358   925   410   100   387   989   643   188   588   650   1148   618   0   0   977   2008   349   1310   906   225   1407   1352   378   427   296   44   328   8   1064   324   35   1922   804   1917   1184   1   1060   1966   441   338   904   440   1216   1958   840   1359   1104   1135   1125   344   67   2011   1250   1053   1599   198   1358   1113   111   984   255   875   1149   1575   605   894   1362   41   1449   867   63   21   1392   1943   150   939   272   1147   1104   613   804   378   827   989   97   1005   269   1539   1397   1212   7   612   
1400   197   1922   1372   34   2025   329   189   1428   166   128   343   619   1088   113   158   1163   792   1106   1399   1218   977   0   1026   300   963   1436   352   29   582   6   84   949   418   0   995   981   2013   328   1063   103   929   65   198   1560   242   15   1104   1023   1121   370   359   1157   1093   98   1152   37   1955   2046   308   303   1447   1585   644   361   645   1435   298   270   98   1451   618   967   1038   65   87   986   299   85   52   971   21   47   1960   1029   1110   1165   357   21   974   47   1082   1211   63   121   359   1424   35   1130   349   
636   374   1112   67   1176   1212   192   338   34   53   1459   116   323   59   1464   1479   21   636   359   301   1405   2008   1026   0   904   8   1196   983   993   37   140   1545   646   6   0   1179   404   310   203   284   1461   1132   626   341   1160   77   181   1551   1197   970   612   1018   1004   306   1085   1094   1080   205   903   254   327   903   931   1018   244   1902   303   323   635   640   49   908   586   319   1624   1498   292   1956   343   1117   2009   313   622   4   1250   1163   368   1436   440   351   982   1408   13   1073   26   318   605   215   1030   235   
1148   1583   73   972   974   25   1941   338   1164   126   1353   184   1413   970   1451   1250   113   196   1248   31   1389   349   300   904   0   1510   1163   6   193   359   946   72   1116   2013   67   1231   1400   1913   989   330   15   983   1060   8   387   988   347   21   77   1147   1436   611   25   634   1128   1097   939   303   86   1560   121   196   1   1078   310   1612   1348   1431   188   223   300   212   40   0   275   2032   331   636   508   1186   1400   625   386   1063   296   1161   25   946   1471   0   1430   1179   107   1637   84   110   1476   335   1989   325   
1031   1116   159   280   1325   68   106   613   1997   2012   141   1302   1451   62   24   984   20   111   1085   351   1486   1310   963   8   1510   0   902   2031   970   1545   399   1113   1342   190   335   949   9   1437   301   942   1099   959   1413   173   1202   1569   149   1237   1460   103   296   978   1464   0   1072   19   260   1119   1397   913   25   248   1148   274   961   8   1575   1097   1496   73   114   646   50   981   1005   982   2026   961   2025   1026   1230   963   1987   419   1467   51   977   867   972   1536   371   121   1227   74   149   1400   906   13   1922   619   
1156   88   1253   950   986   1423   1248   0   993   1593   1177   1539   1   1218   897   1248   15   72   1475   1498   605   906   1436   1196   1163   902   0   10   1206   4   1161   1149   1422   198   346   65   196   936   980   1478   119   1030   1392   2034   1211   978   1966   1110   1113   154   72   91   190   1148   65   0   900   1174   1359   95   611   215   1411   1374   440   1573   344   996   1533   55   12   1904   51   12   203   963   327   644   995   974   270   0   973   1073   936   2024   34   90   893   324   1076   1249   264   1513   260   359   901   88   205   1438   
8   5   1023   1430   310   255   925   113   15   361   53   799   1125   2019   198   610   1021   326   881   979   122   225   352   983   6   2031   10   0   29   72   275   921   89   1121   345   1030   298   2029   936   939   1125   12   971   1172   1955   330   305   73   643   0   351   881   893   156   355   296   286   197   25   335   1205   1545   935   308   626   111   0   319   1152   1136   219   913   928   428   6   616   53   381   622   1017   95   1144   406   214   244   1357   1925   904   930   988   405   87   959   1352   256   605   351   1212   946   203   
1120   222   934   1117   1190   66   1407   2024   936   1422   1035   996   918   634   938   1041   991   1237   406   1060   1188   1407   29   993   193   970   1206   29   0   1061   635   1439   1118   305   1924   636   30   928   1227   0   275   194   1190   68   326   1474   1103   1118   1201   1072   582   379   2011   133   201   98   2010   6   970   1132   1478   344   29   17   1164   2010   1463   186   1135   74   1984   20   876   229   1125   1214   27   1243   1097   1085   1066   376   1018   346   1499   803   383   13   635   405   1513   138   902   988   612   1119   1961   1536   1136   993   
1149   1116   1210   203   2030   185   1510   44   414   1043   1124   173   357   123   418   43   1385   1173   1073   904   1388   1352   582   37   359   1545   4   72   1061   0   1387   25   20   921   110   1119   1917   0   621   638   24   1373   180   980   94   219   335   1021   21   812   1533   586   1989   20   8   1416   52   812   960   35   106   1434   40   645   1612   1162   1179   52   77   1139   410   1254   0   1176   627   23   1081   802   451   388   1148   308   275   1186   49   316   351   1474   40   304   926   1117   204   145   0   63   986   299   1212   1408   
25   383   1496   425   1536   909   326   377   981   281   799   2002   110   1158   1136   987   0   1585   44   1459   0   378   6   140   946   399   1161   275   635   1387   0   1612   1436   1067   1975   1005   1194   410   177   997   270   939   196   20   802   1212   1072   2024   187   1967   1483   214   910   947   1452   454   8   914   198   381   619   40   1325   1423   6   902   621   1447   311   1065   7   25   976   1386   1110   1113   203   904   467   1913   1895   13   10   29   948   413   481   909   291   54   25   1310   1128   62   1405   47   370   1267   15   1   
2029   1437   611   299   89   640   2047   636   387   2004   1325   904   175   0   1467   586   311   1226   313   353   1098   427   84   1545   72   1113   1149   921   1439   25   1612   0   970   118   1035   944   29   8   1061   624   648   77   154   634   1622   1399   429   221   144   621   902   35   266   261   337   634   1560   1065   1364   931   1496   149   1960   1098   640   2025   970   1157   963   1501   69   300   0   281   1165   1176   931   585   1464   1113   197   612   406   1539   1187   1436   985   17   53   2   89   1085   418   1539   1110   14   597   41   0   0   
1969   434   1422   54   1108   79   873   86   1160   1214   412   310   44   0   1315   1423   188   1129   291   274   89   296   949   646   1116   1342   1422   89   1118   20   1436   970   0   982   2025   228   89   255   15   235   1344   41   47   88   318   355   376   1173   981   0   2030   628   1451   1128   265   337   25   77   376   222   2015   335   798   649   35   222   846   608   395   1436   627   198   27   792   42   1353   404   197   34   62   67   168   924   904   1156   429   450   930   35   848   1459   0   1167   1389   1375   44   636   1189   1458   0   
21   1176   1139   1586   418   1573   274   410   0   630   368   1483   812   1030   40   938   2031   287   1113   942   260   44   418   6   2013   190   198   1121   305   921   1067   118   982   0   1408   1082   57   285   288   1018   1386   1447   169   1156   925   622   361   53   124   73   1090   121   35   637   26   928   54   395   808   637   1396   995   1072   2030   1944   435   1127   1094   279   306   1230   1029   2039   625   1923   1311   1612   1599   17   1904   827   7   1586   1479   1474   1167   15   633   98   893   1396   440   635   2024   40   188   946   996   353   1085   
162   10   212   202   1156   386   1061   450   85   974   354   356   847   18   338   113   9   997   1984   1130   3   328   0   0   67   335   346   345   1924   110   1975   1035   2025   1408   0   956   949   219   1147   644   187   1560   980   958   196   1954   1422   407   1622   260   612   1578   929   1112   1988   636   640   361   1185   634   303   1098   72   299   40   202   21   1450   371   54   1451   245   1148   640   43   971   1984   1174   101   278   43   202   300   8   84   1443   39   328   474   98   228   74   1439   950   29   419   1495   21   1021   187   
1499   374   1080   99   640   477   625   102   1902   94   2   440   915   970   48   625   305   364   1147   1960   273   8   995   1179   1231   949   65   1030   636   1119   1005   944   228   1082   956   0   300   197   1434   1436   1115   1126   215   4   0   1913   1073   1413   2034   904   422   996   975   950   2011   937   1248   625   1164   47   1191   51   272   1119   132   622   1176   177   0   793   189   1961   902   1084   393   334   946   0   25   69   589   1946   0   479   2032   114   2024   1901   32   2004   291   1452   65   1491   1431   1411   792   266   214   1424   
427   1003   925   1003   591   926   1148   176   1364   1109   581   1235   24   1080   90   1396   90   2030   135   193   1464   1064   981   404   1400   9   196   298   30   1917   1194   29   89   57   949   300   0   1369   32   301   270   1157   1452   2045   1599   146   1116   171   49   1966   239   612   2024   443   902   113   1243   1520   338   996   1136   59   902   53   1484   1483   1425   644   52   640   1536   1184   260   1235   11   335   67   1941   971   1397   1922   1243   225   1065   89   22   1212   1118   202   1127   121   937   313   634   636   34   12   108   1252   1906   
1522   1372   193   1067   41   1209   1179   281   978   1205   1121   4   1130   1997   34   1210   84   1560   605   47   219   324   2013   310   1913   1437   936   2029   928   0   410   8   255   285   219   197   1369   0   54   107   1570   5   349   474   0   918   1932   1163   508   1158   216   1356   94   647   1932   270   1325   1059   28   55   32   629   1218   171   298   313   935   74   993   67   68   226   66   1446   1357   319   1310   1411   341   1068   10   1084   1031   630   287   40   894   321   1460   1193   337   1215   929   24   624   1423   1495   1207   635   1080   
113   629   946   0   21   1136   228   1017   113   969   1149   26   62   1248   962   114   102   63   1371   272   49   35   328   203   989   301   980   936   1227   621   177   1061   15   288   1147   1434   32   54   0   949   926   41   1961   51   371   203   1085   1423   2030   1188   375   84   804   950   969   1120   270   1443   288   416   635   44   79   602   803   1197   64   144   606   1586   978   1127   0   1170   86   1127   935   196   1476   20   50   625   84   73   51   1961   930   1200   1391   244   1451   291   1127   1998   1325   993   1436   636   203   1431   
371   23   1539   1027   1125   479   54   1435   242   1400   313   274   1345   1097   327   1533   2047   21   965   1209   440   1922   1063   284   330   942   1478   939   0   638   997   624   235   1018   644   1436   301   107   949   0   1119   992   812   546   3   146   1375   338   1211   48   1043   1404   196   0   623   959   222   8   15   212   226   91   982   300   99   303   3   972   632   25   808   26   440   0   1189   223   911   1593   902   1211   1388   1149   198   1443   847   1384   991   1235   962   35   1991   94   1209   1388   1127   929   438   172   255   1960   
265   54   69   497   68   24   193   796   285   911   1151   6   1960   287   1416   33   1149   648   89   1226   1560   804   103   1461   15   1099   119   1125   275   24   270   648   1344   1386   187   1115   270   1570   926   1119   0   323   73   59   355   245   198   619   40   214   953   1248   38   622   67   97   2030   197   305   911   76   1226   588   1094   1438   479   1041   1922   332   634   264   343   1388   219   219   941   1188   308   1210   1443   1167   646   35   350   628   70   197   0   1593   335   1444   624   226   974   1367   1459   346   138   1149   1061   
32   1148   1458   1029   10   1942   383   502   1196   635   41   1302   625   911   404   599   29   1417   35   1443   38   1917   929   1132   983   959   1030   12   194   1373   939   77   41   1447   1560   1126   1157   5   41   992   323   0   139   1428   1386   5   311   1399   1160   965   1146   1435   511   479   1163   296   370   1405   151   963   1083   1130   586   611   0   612   1254   1188   6   1388   511   326   1442   1516   44   4   1071   1151   1023   362   612   1021   992   410   639   939   1194   2015   315   141   1030   8   78   151   1119   0   989   318   67   90   
1345   187   1410   196   291   1966   52   410   1381   1358   15   950   86   296   635   27   1367   1997   318   1984   31   1184   65   626   1060   1413   1392   971   1190   180   196   154   47   169   980   215   1452   349   1961   812   73   139   0   15   1971   1028   582   288   335   345   1250   902   1212   927   1960   295   1452   24   583   1   1207   91   636   1186   287   37   1091   969   1248   290   993   94   645   1392   2035   324   626   635   196   450   1483   306   1359   926   1960   1076   427   214   1375   89   1173   625   6   1966   10   269   1344   1498   133   1031   
1344   53   445   1927   15   242   1362   67   1072   327   270   1041   301   1135   643   1163   154   310   86   903   2028   1   198   341   8   173   2034   1172   68   980   20   634   88   1156   958   4   2045   474   51   546   59   1428   15   0   1215   974   900   128   1235   185   361   91   8   65   1149   196   1366   350   2015   18   338   10   265   950   90   1152   68   1392   1120   1375   1389   1127   1120   321   615   413   39   22   248   1143   1991   1126   1021   1158   13   971   1458   17   611   260   1459   27   1159   991   1122   1989   1436   1367   1097   367   
266   1475   65   1143   203   1212   626   14   1214   1128   377   7   1998   1998   376   1065   17   19   1028   1957   629   1060   1560   1160   387   1202   1211   1955   326   94   802   1622   318   925   196   0   1599   0   371   3   355   1386   1971   1215   0   223   1449   64   88   300   1126   1248   1130   973   447   193   106   361   146   65   34   74   1249   311   176   13   1396   59   804   1637   636   1061   634   205   1388   387   110   985   222   650   74   359   397   25   321   1436   1352   324   1127   359   634   1029   64   976   193   127   35   0   423   1456   
244   638   1005   51   2030   1081   1984   605   0   378   60   13   993   2015   313   1440   648   188   440   1941   1227   1966   242   77   988   1569   978   330   1474   219   1212   1399   355   622   1954   1913   146   918   203   146   245   5   1028   974   223   0   1436   274   98   1520   26   31   1207   238   1113   1194   51   264   189   579   947   1060   1148   959   1104   1167   923   1325   1191   1575   162   1061   1437   158   0   1967   1516   205   238   288   393   643   1927   1060   67   881   1143   935   1162   190   176   605   1076   197   244   1342   1199   37   1984   988   
22   269   211   299   354   960   180   939   1028   1161   196   1372   72   27   1174   422   0   1   1017   974   992   441   15   181   347   149   1966   305   1103   335   1072   429   376   361   1422   1073   1116   1932   1085   1375   198   311   582   900   1449   1436   0   25   379   99   38   1961   211   19   347   624   1446   87   1088   1173   1016   338   229   176   1218   443   103   1172   1302   1164   1348   1148   254   115   296   1902   434   937   1073   196   1562   1971   34   360   481   309   55   620   429   22   908   1384   946   89   1475   419   349   29   86   20   
935   2044   79   99   1895   1158   1575   1053   1212   108   893   1416   359   387   1163   12   1491   34   1416   345   635   338   1104   1551   21   1237   1110   73   1118   1021   2024   221   1173   53   407   1413   171   1163   1423   338   619   1399   288   128   64   274   25   0   41   991   1064   1439   1562   1115   609   911   205   921   620   2015   649   383   1987   198   0   1112   1417   1961   580   8   418   1097   326   205   1231   1369   47   0   645   827   1003   57   1428   144   799   1111   2029   1243   48   1941   1226   10   1029   326   269   25   87   2008   238   301   
1988   938   173   345   0   162   1191   646   289   313   971   270   1343   1246   968   440   4   944   1923   335   3   904   1023   1197   77   1460   1113   643   1201   21   187   144   981   124   1622   2034   49   508   2030   1211   40   1160   335   1235   88   98   379   41   0   151   1230   628   77   279   622   0   203   1585   203   1093   353   579   283   219   141   89   979   985   423   1436   984   40   1997   43   1436   1148   7   1128   47   1210   51   1560   636   1192   1079   875   274   937   344   1950   1946   1182   26   969   454   228   1066   915   1408   1194   
72   799   1113   353   219   1434   1356   125   2035   343   1475   198   1188   6   1141   310   625   283   90   1160   1074   440   1121   970   1147   103   154   0   1072   812   1967   621   0   73   260   904   1966   1158   1188   48   214   965   345   185   300   1520   99   991   151   0   325   44   984   1093   926   303   1163   932   325   66   1425   72   869   799   1924   1060   2010   404   1043   394   23   67   274   326   1430   640   1148   0   1081   1484   19   128   115   381   995   428   1446   1405   634   29   1901   159   50   2008   897   1110   583   335   311   2000   
187   1068   394   636   1028   1117   639   1927   419   114   2045   1141   177   1207   1218   1043   1080   261   1400   79   1029   1216   370   612   1436   296   72   351   582   1533   1483   902   2030   1090   612   422   239   216   375   1043   953   1146   1250   361   1126   26   38   1064   1230   325   0   956   308   1498   305   86   988   2027   635   1005   361   634   24   1116   72   21   94   1148   443   289   128   877   254   1373   1998   1437   389   188   946   619   582   1018   939   1147   52   1566   35   291   67   303   618   44   289   1028   1028   582   95   950   202   226   
38   264   1181   812   65   848   1209   1065   497   1399   1443   1068   1165   214   988   65   1130   1197   172   1962   6   1958   359   1018   611   978   91   881   379   586   214   35   628   121   1578   996   612   1356   84   1404   1248   1435   902   91   1248   31   1961   1439   628   44   956   0   1128   1397   1389   270   1021   159   1065   74   1483   107   1901   1096   22   121   1460   14   1484   303   62   2034   87   316   1174   1128   612   1960   583   1179   1413   2011   1624   377   376   1118   867   930   1560   1109   269   89   84   94   49   1349   2028   511   1076   176   
187   2026   244   970   327   2019   1187   1464   1961   1064   87   0   507   1498   1476   406   15   1079   1121   1449   1011   840   1157   1004   25   1464   190   893   2011   1989   910   266   1451   35   929   975   2024   94   804   196   38   511   1212   8   1130   1207   211   1562   77   984   308   1128   0   1108   1194   980   2030   1420   343   634   621   40   625   1148   1442   1458   335   71   626   1136   319   79   342   963   429   287   935   87   1212   649   5   1113   124   1167   1991   1449   187   1197   193   1004   1957   88   1196   404   361   54   948   21   66   1408   
1302   297   1498   1179   39   952   299   0   1027   1955   1073   953   981   299   1125   983   1958   98   908   22   1381   1359   1093   306   634   0   1148   156   133   20   947   261   1128   637   1112   950   443   647   950   0   622   479   927   65   973   238   19   1115   279   1093   1498   1397   1108   0   68   327   133   1065   967   621   1310   0   985   1149   212   993   2030   1452   1399   1147   203   1405   1967   196   60   1448   197   971   296   228   11   483   1204   640   0   20   972   63   1080   1064   196   907   803   613   608   1202   149   1110   2010   94   
1998   950   624   215   1202   1411   1173   618   1917   138   1212   1117   18   1357   640   1066   613   90   57   1474   242   1104   98   1085   1128   1072   65   355   201   8   1452   337   265   26   1988   2011   902   1932   969   623   67   1163   1960   1149   447   1113   347   609   622   926   305   1389   1194   68   0   1483   9   370   21   1575   910   85   1932   193   1951   51   425   149   14   1988   636   24   29   893   1078   1191   2009   963   24   0   507   111   177   1021   1396   1031   992   1154   1148   925   283   849   1149   1047   893   649   1094   22   2012   1215   
580   328   1182   95   5   1250   261   1955   880   1956   6   985   64   1192   1575   1895   1575   416   1985   176   441   1135   1152   1094   1097   19   0   296   98   1416   454   634   337   928   636   937   113   270   1120   959   97   296   295   196   193   1194   624   911   0   303   86   270   980   327   1483   0   1998   918   63   1901   166   1042   332   2035   315   0   1078   639   214   65   73   1463   1121   338   1011   622   1371   1310   1139   0   1922   971   1167   0   29   1435   929   343   0   474   360   1141   10   1955   636   103   1448   1180   0   1513   
5   51   59   54   610   1423   941   911   618   73   953   935   297   18   302   441   1917   1063   301   1384   1065   1125   37   1080   939   260   900   286   2010   52   8   1560   25   54   640   1248   1243   1325   270   222   2030   370   1452   1366   106   51   1446   205   203   1163   988   1021   2030   133   9   1998   0   1028   1342   981   197   1093   20   586   28   1128   376   1154   40   1932   1384   355   1437   1535   586   358   146   13   999   1152   938   1029   948   310   125   1135   414   423   278   637   123   272   353   1476   279   154   1085   1901   1373   283   
2   1147   1086   1161   1946   376   1131   425   108   154   1172   1091   1209   298   179   650   1109   1106   1127   1032   1031   344   1955   205   303   1119   1174   197   6   812   914   1065   77   395   361   625   1520   1059   1443   8   197   1405   24   350   361   264   87   921   1585   932   2027   159   1420   1065   370   918   1028   0   624   1452   999   643   0   1216   313   6   941   1443   345   52   2011   599   1149   936   1460   1946   1452   73   1109   1011   1198   222   592   1118   51   971   41   1583   405   804   108   1076   53   1201   10   632   970   397   346   2018   
632   73   154   1941   14   2028   1444   389   621   1097   0   0   385   929   249   629   1381   575   908   950   1960   67   2046   903   86   1397   1359   25   970   960   198   1364   376   808   1185   1164   338   28   288   15   305   151   583   2015   146   189   1088   620   203   325   635   1065   343   967   21   63   1342   624   0   338   624   87   904   0   2018   1249   37   878   1448   1411   1207   1115   21   357   1132   897   90   1942   1367   935   42   0   88   1459   1396   1449   410   1141   343   1011   1163   68   0   847   622   203   950   1164   215   977   
928   1345   1032   151   1028   357   1936   1174   1624   914   1962   295   507   212   971   90   1989   1569   634   2031   1399   2011   308   254   1560   913   95   335   1132   35   381   931   222   637   634   47   996   55   416   212   911   963   1   18   65   579   1173   2015   1093   66   1005   74   634   621   1575   1901   981   1452   338   0   3   315   1428   127   15   333   79   1207   1042   341   633   59   1471   803   1188   103   803   116   2024   274   992   2011   327   419   867   1068   186   1172   371   2013   1396   176   2049   1422   1081   69   158   354   328   1194   
1081   18   395   1   970   1061   1193   986   20   124   973   901   1492   1079   1053   1148   1169   3   1029   26   359   1250   303   327   121   25   611   1205   1478   106   619   1496   2015   1396   303   1191   1136   32   635   226   76   1083   1207   338   34   947   1016   649   353   1425   361   1483   621   1310   910   166   197   999   624   3   0   114   214   1342   1157   349   802   1084   110   1420   925   988   89   611   586   318   351   1474   1522   4   1165   1197   967   873   950   1113   969   62   975   66   197   368   203   1169   2025   1475   1431   1942   1302   2044   
897   932   1533   1446   73   900   1123   370   1570   1061   368   964   609   205   289   803   21   1093   310   6   1191   1053   1447   903   196   248   215   1545   344   1434   40   149   335   995   1098   51   59   629   44   91   1226   1130   91   10   74   1060   338   383   579   72   634   107   40   0   85   1042   1093   643   87   315   114   0   2013   248   827   611   2   635   867   1359   2008   203   1384   2018   2015   1569   119   996   342   1388   1424   1147   1149   605   222   612   334   1064   1113   970   346   132   1991   628   2024   1094   86   360   2024   1416   
26   1484   101   222   274   300   3   111   1560   1061   319   1201   1152   197   1018   1967   1434   1080   43   274   435   1599   1585   931   1   1148   1411   935   29   40   1325   1960   798   1072   72   272   902   1218   79   982   588   586   636   265   1249   1148   229   1987   283   869   24   1901   625   985   1932   332   20   0   904   1428   214   2013   0   798   119   90   1437   410   3   42   25   260   904   1484   197   1064   270   193   343   27   205   904   581   261   48   197   1215   35   66   347   1212   1997   215   1179   798   904   171   1452   1160   184   
1060   592   648   52   1205   1128   1448   941   1961   152   1357   15   1204   581   40   49   847   1961   479   10   848   198   644   1018   1078   274   1374   308   17   645   1423   1098   649   2030   299   1119   53   171   602   300   1094   611   1186   950   311   959   176   198   219   799   1116   1096   1148   1149   193   2035   586   1216   0   127   1342   248   798   0   1109   1542   52   1212   0   612   291   1951   618   193   803   619   1452   616   0   1088   980   1073   441   21   1381   1159   2029   917   299   1120   648   1966   1562   1356   275   1065   1114   333   59   1498   
635   315   145   299   8   1966   84   68   1344   1209   1388   355   634   1179   12   925   621   1097   1998   51   18   1358   361   244   310   961   440   626   1164   1612   6   640   35   1944   40   132   1484   298   803   99   1438   0   287   90   176   1104   1218   0   141   1924   72   22   1442   212   1951   315   28   313   2018   15   1157   827   119   1109   0   447   1199   6   909   625   1583   502   28   19   319   308   185   1924   184   1962   346   177   65   1371   2045   1446   110   187   37   67   1164   1342   609   619   15   187   397   1197   1452   971   
