200
0   140   686   239   1185   1212   137   13   792   971   1010   523   227   1056   396   1102   1162   385   50   226   131   774   926   328   174   1240   168   783   1102   379   4   1140   126   22   224   757   563   676   249   684   359   159   652   382   34   18   1181   528   108   132   876   360   399   674   715   80   1145   206   419   570   659   1831   206   1078   135   674   576   395   1126   396   376   131   338   938   1162   82   554   1159   525   40   1205   111   158   176   996   373   332   333   1006   444   1068   100   570   1064   919   537   42   313   494   570   437   1087   337   135   538   138   130   546   433   1092   650   594   549   468   376   1120   672   772   1022   1216   774   143   1679   71   675   926   605   261   68   27   1153   504   170   111   525   122   211   170   352   325   240   557   556   184   700   1187   1122   1061   627   542   598   819   258   580   57   525   1009   1140   111   772   1178   368   67   94   157   874   537   1191   264   67   69   888   1150   1   1026   716   44   15   353   494   1188   137   321   520   1033   85   366   511   362   281   699   404   820   159   806   23   484   553   84   122   
140   0   162   70   1001   151   1115   777   106   647   456   752   131   334   18   742   369   179   1771   454   54   60   1197   1046   190   114   93   490   360   287   285   213   967   912   131   1146   571   90   1108   534   251   389   112   103   162   1182   206   619   170   1005   126   538   231   721   1775   952   619   430   882   587   378   454   91   224   67   805   92   404   553   18   21   394   1136   378   25   496   1024   218   418   327   540   128   476   539   12   666   49   734   119   1072   147   373   266   995   1037   379   419   228   94   900   552   482   644   954   1021   161   111   130   967   487   397   1066   139   436   935   475   951   494   538   49   1048   560   1161   257   343   445   417   1080   378   354   104   181   69   498   758   1044   549   419   670   1758   1079   263   113   423   396   355   170   410   818   298   264   151   80   484   384   1210   281   329   114   95   211   147   474   13   5   135   162   639   454   1736   276   1022   271   1125   417   64   938   686   356   1173   532   108   211   300   23   514   137   466   13   1146   21   1071   774   440   71   27   709   389   150   440   
686   162   0   216   418   130   151   363   23   1020   274   490   612   1098   517   366   474   335   259   585   240   412   52   0   132   18   1694   508   1079   63   33   234   1079   176   280   581   690   27   98   115   431   355   410   337   1156   131   538   499   497   590   145   86   625   1046   409   761   1032   1066   200   496   701   209   728   169   386   589   1165   136   789   387   1102   6   155   147   421   541   322   54   1257   973   1000   32   430   438   484   162   124   191   148   94   490   1146   75   728   519   490   1028   168   499   138   552   474   968   112   438   755   44   535   1097   434   97   538   409   977   133   364   109   778   716   666   217   496   367   932   1037   327   525   86   428   0   326   1266   1204   1057   532   35   1028   230   362   442   1175   935   1067   380   437   8   535   866   158   114   0   428   787   1113   1174   679   585   321   410   1093   641   1066   972   970   1024   1038   345   1031   700   263   1086   102   41   157   888   1050   504   745   576   472   1046   211   1103   1090   82   242   989   44   179   206   722   1029   36   638   1144   1088   144   667   141   748   
239   70   216   0   62   103   32   584   833   719   1130   1726   156   743   122   554   355   336   168   315   550   707   1067   10   467   115   640   23   1181   420   461   31   113   100   71   347   503   626   150   352   1041   190   1058   145   1211   324   458   22   1211   489   631   394   299   118   504   109   129   595   160   615   73   813   1156   83   569   43   576   929   102   155   308   691   1102   701   129   166   439   990   1163   1111   474   369   157   463   1161   700   1258   987   202   373   1083   1056   355   144   0   530   1187   498   190   152   156   960   1724   1164   210   187   130   542   239   123   1246   1064   384   506   175   138   527   654   1066   155   1129   71   14   301   98   1749   70   312   149   114   591   517   354   1204   345   588   419   157   163   1209   1676   98   1174   171   552   383   64   340   13   196   1053   557   404   1098   185   13   594   1102   290   36   123   318   102   37   1064   1168   162   405   209   37   666   115   138   510   114   84   447   174   1017   1042   149   1013   130   1237   120   235   685   883   397   334   164   127   12   437   1068   221   112   110   69   168   
1185   1001   418   62   0   1205   135   297   383   1155   237   236   134   287   788   140   575   404   141   372   970   257   1592   514   31   782   499   427   1122   458   767   593   327   226   910   1012   1697   460   14   1202   539   1049   750   366   473   240   174   1025   55   37   626   461   123   104   900   319   114   113   361   1128   433   114   754   389   117   25   178   187   191   236   114   423   32   1140   56   640   1179   101   16   1144   1106   147   624   482   922   167   89   164   621   643   699   74   101   189   1267   295   336   1097   427   320   313   342   336   332   886   136   82   204   778   408   454   52   1074   203   643   736   582   652   158   674   1237   460   546   316   296   1188   80   467   783   474   1140   1196   384   130   519   473   38   376   13   1102   374   401   227   168   882   72   241   235   45   1018   98   755   313   108   419   1102   546   12   418   1206   928   537   216   522   428   289   402   337   53   274   408   115   42   90   813   354   165   5   156   508   573   290   846   32   175   568   1122   98   640   373   975   569   456   90   409   496   1092   400   322   1191   
1212   151   130   103   1205   0   142   456   319   217   54   428   457   405   1116   626   1679   463   179   463   1111   132   110   801   144   1000   384   392   132   373   121   127   1266   96   19   130   196   1001   307   453   116   1257   19   1196   113   183   154   226   677   98   612   67   431   99   1105   53   409   996   346   588   640   550   658   1142   617   167   394   179   721   796   344   1638   159   910   624   226   460   636   98   587   667   161   418   588   658   433   172   608   407   999   340   539   791   272   474   1116   1116   508   187   125   123   1066   34   783   260   283   510   1253   240   1028   972   264   923   113   385   319   126   62   569   750   265   96   384   128   196   742   152   62   173   9   1079   1040   20   70   1080   419   150   345   229   428   505   284   230   657   304   148   921   835   151   59   359   175   304   0   66   133   217   522   646   225   613   172   92   1080   611   550   439   970   667   569   60   728   320   421   555   181   176   1058   761   140   481   223   274   1114   89   159   1150   907   368   156   812   393   1214   706   490   1111   519   148   150   12   
137   1115   151   32   135   142   0   807   143   462   44   1809   1004   228   135   1114   34   1081   144   795   455   347   124   153   433   16   271   983   1103   56   353   113   1239   1181   170   412   138   1103   122   1164   1136   971   57   665   482   1054   540   513   1074   1018   137   408   557   313   401   115   508   112   489   281   1194   503   1129   1079   1068   1172   341   147   116   689   284   324   1084   573   244   91   72   150   722   1093   716   586   196   21   1665   112   967   539   288   568   581   1185   72   523   900   618   1155   485   169   921   615   1161   981   539   140   352   252   138   138   5   996   1062   396   334   75   175   510   122   44   115   126   273   217   380   1250   312   234   221   287   977   1124   524   390   382   434   632   159   103   133   164   28   1024   39   762   841   519   98   1084   62   910   670   486   354   524   122   1022   1094   135   372   131   408   494   171   455   772   143   255   571   60   1080   353   740   235   86   0   312   128   251   543   1130   766   355   946   387   84   378   1034   313   97   56   531   1098   177   860   1660   952   219   1230   1725   399   
13   777   363   584   297   456   807   0   412   507   133   276   346   443   688   1250   395   124   951   18   1115   1038   290   9   640   695   423   604   129   104   1093   149   518   806   1103   102   442   346   334   72   346   82   207   539   155   995   126   162   613   1119   1248   148   163   528   474   1176   296   408   689   63   136   348   520   882   227   1004   369   558   67   372   1059   1194   161   1016   103   455   160   54   239   122   98   1054   205   918   32   81   374   1069   427   302   547   150   800   116   371   991   148   111   1050   473   88   5   454   383   352   29   1067   1045   478   687   80   289   669   242   1087   58   1106   723   570   138   165   19   1140   280   358   274   154   371   513   34   438   104   1154   608   496   205   678   1011   243   191   728   427   187   314   1266   552   619   891   323   477   317   249   0   355   1109   428   150   352   490   645   1191   119   6   225   195   390   1164   1161   79   362   522   123   171   598   511   164   27   363   133   434   1643   378   538   796   206   404   464   425   752   999   57   1000   342   30   330   979   380   1066   51   1143   
792   106   23   833   383   319   143   412   0   645   956   437   789   0   280   315   146   146   395   538   525   334   1168   551   540   461   469   146   110   64   298   240   781   936   155   910   453   114   1188   57   91   127   568   1119   1155   122   388   1075   1001   114   613   46   98   230   330   1139   152   992   146   296   1184   249   473   34   178   744   224   688   340   37   340   77   605   415   539   114   247   375   86   138   1175   137   509   85   23   50   642   649   186   1167   448   1172   62   1224   239   669   154   591   242   1011   1045   138   1049   18   76   109   115   170   82   1116   119   166   649   830   1080   147   145   1066   349   496   1153   387   540   1049   386   185   287   393   152   652   72   646   72   129   524   880   652   168   1192   932   906   0   129   1755   138   1167   1079   340   1543   4   110   457   4   367   330   1029   22   227   1197   396   101   456   1047   165   388   115   149   186   145   277   904   1090   1103   1113   19   90   1135   447   678   437   370   99   525   539   106   810   345   190   713   1120   986   611   405   335   547   504   100   624   388   1167   
971   647   1020   719   1155   217   462   507   645   0   923   1206   154   313   1052   155   1700   503   603   1077   336   1755   409   629   429   348   130   263   554   422   1029   486   31   366   390   271   505   1122   981   1140   142   89   55   8   807   0   209   126   1062   1081   396   6   407   213   658   710   135   720   437   1181   552   1138   854   625   621   486   120   313   860   819   663   179   1080   68   17   1527   143   134   976   491   1130   152   676   553   976   1048   330   455   274   132   718   1162   35   496   358   977   442   1065   1004   520   89   46   1017   1137   467   746   273   146   64   99   453   458   383   173   167   195   290   423   99   1080   206   1073   81   0   31   256   41   1114   1080   112   38   580   513   435   680   271   172   116   116   250   98   0   525   87   702   168   135   1657   1099   1175   1081   44   528   1239   91   806   163   1696   100   177   589   494   156   49   1010   129   418   499   330   529   555   129   596   332   569   167   404   228   149   175   103   1066   1068   145   13   94   134   1696   1138   234   886   387   923   447   147   960   555   1156   1056   31   
1010   456   274   1130   237   54   44   133   956   923   0   1004   142   225   169   937   167   1086   135   1111   1077   494   643   355   723   79   754   481   1169   185   389   391   115   456   59   296   949   138   593   333   91   186   353   1099   123   835   158   1078   372   722   351   1033   688   42   1039   209   42   1095   216   144   148   80   387   1053   351   322   64   676   680   508   98   1110   31   1074   278   1014   639   160   365   290   1006   271   160   383   19   57   1079   981   435   19   806   1084   13   228   131   345   545   110   521   419   1066   135   75   1108   467   140   1087   16   1095   972   569   21   14   189   114   347   806   1037   150   174   813   127   67   74   449   1004   682   171   241   152   595   169   423   223   500   141   1066   0   119   619   556   1075   87   50   495   414   131   355   1161   0   574   107   49   928   527   990   1054   337   832   310   25   208   341   137   64   1116   524   413   1182   109   0   827   115   632   611   1279   151   446   1543   492   551   1095   139   318   443   553   532   225   1018   228   162   120   1080   250   581   517   371   116   143   992   
523   752   490   1726   236   428   1809   276   437   1206   1004   0   135   84   922   734   187   990   596   313   0   534   1187   191   670   0   149   353   125   140   1142   1088   209   675   510   1102   142   164   702   528   145   147   960   1087   413   260   1220   85   104   193   375   28   1153   179   383   171   85   222   638   38   248   117   1154   634   62   148   283   156   341   1616   139   1141   615   474   650   692   328   540   1189   108   455   0   108   126   1144   1080   128   49   1220   1216   193   1056   677   675   201   108   532   631   1158   223   826   742   328   190   6   116   1025   451   116   573   261   238   1014   113   212   202   539   1006   97   940   540   18   190   286   646   77   423   701   222   1159   573   750   1665   366   152   917   1000   1079   1037   527   1751   272   122   658   960   582   132   32   396   645   1129   114   423   101   162   1058   414   182   570   18   591   199   110   167   79   369   328   1159   116   133   528   115   437   366   61   470   181   1181   394   130   1801   123   210   26   9   1172   487   271   355   552   80   640   468   1105   49   1113   34   4   549   347   
227   131   612   156   134   457   1004   346   789   154   142   135   0   1140   134   1046   1017   178   366   1105   57   569   718   53   1044   216   152   321   706   680   172   1040   225   463   502   422   404   1130   1147   651   1078   345   696   511   1024   1059   3   1099   409   41   439   253   446   278   428   1021   132   1033   376   897   150   525   83   381   117   85   187   42   1089   443   621   87   102   469   132   1152   387   176   313   1073   59   1028   891   211   678   474   1037   1009   127   608   115   402   428   161   478   204   1132   554   365   1122   494   406   193   733   470   123   1105   881   373   98   166   223   203   396   456   221   227   564   32   106   37   103   1187   336   25   486   218   39   276   317   228   72   803   702   527   178   517   546   42   750   136   438   954   538   175   544   229   487   1170   528   79   1527   933   1125   613   0   140   679   92   419   176   242   1194   582   239   144   161   122   528   652   159   131   190   99   470   311   106   130   1725   1076   388   107   127   422   387   510   337   1113   142   132   231   386   520   783   326   766   529   992   225   231   
1056   334   1098   743   287   405   228   443   0   313   225   84   1140   0   318   623   911   379   31   1752   570   1111   150   908   554   1141   211   0   721   355   139   382   439   530   146   175   303   1062   345   1257   176   997   1831   101   548   338   907   163   683   587   489   929   1728   361   784   88   175   594   240   525   229   679   470   6   1159   404   170   131   299   430   144   597   517   1149   122   169   155   122   1097   549   1159   1034   228   328   155   487   508   140   355   383   968   678   67   1006   238   411   931   404   460   170   440   174   1160   501   90   184   1079   159   1169   772   443   27   135   419   322   365   372   1125   308   1038   196   397   367   378   1065   1269   501   1139   1124   64   573   1696   30   1044   549   586   145   311   290   112   219   225   211   714   107   549   229   122   947   108   164   1072   576   5   395   14   1027   495   37   169   303   1050   322   86   318   180   1072   128   384   128   507   363   56   1036   721   110   138   225   141   158   1067   120   391   1046   82   536   274   605   144   158   70   21   729   1124   109   142   101   928   505   89   
396   18   517   122   788   1116   135   688   280   1052   169   922   134   318   0   168   1150   552   171   128   553   423   418   281   17   331   332   228   123   748   96   286   1751   202   1114   249   1727   552   1000   547   345   160   1226   15   1012   23   145   92   499   9   980   690   138   157   75   825   712   546   176   98   205   1180   44   66   721   841   778   315   443   250   174   750   162   678   37   183   1015   473   552   1022   1205   642   1188   981   499   142   472   276   49   99   583   664   23   37   226   372   1067   1237   588   593   295   435   586   148   277   487   1006   364   1075   490   1208   12   656   366   541   324   103   460   269   1017   907   683   589   501   50   152   183   153   345   364   225   355   561   592   451   82   1054   148   539   100   918   784   1013   177   5   422   1090   139   1192   138   323   1155   322   1071   540   1025   1154   320   1216   812   25   46   598   997   591   112   972   143   559   25   382   1064   21   713   397   131   1109   165   1118   416   297   210   134   975   110   1155   1080   152   389   831   659   153   522   127   408   1543   116   87   596   1210   
1102   742   366   554   140   626   1114   1250   315   155   937   734   1046   623   168   0   453   261   176   1089   112   1753   465   218   1072   636   144   1090   324   421   1132   487   524   547   70   568   385   384   1230   1103   659   837   135   1031   904   15   1706   300   597   27   128   323   13   570   102   130   84   1088   477   1153   601   325   532   1079   255   57   42   307   552   496   389   212   1060   190   72   652   417   945   1021   1148   919   1016   789   167   949   116   334   1059   72   475   103   7   137   322   399   979   540   5   549   552   1102   313   1132   150   675   535   1140   199   419   639   128   594   823   763   165   128   542   61   336   41   386   38   124   1179   133   642   1103   405   942   665   117   364   415   273   497   463   460   0   1129   423   219   746   70   866   351   361   5   165   1204   196   295   1160   552   973   1098   1077   199   30   179   337   373   62   175   4   846   162   135   718   778   1073   1136   157   202   113   996   369   820   551   676   380   129   896   525   128   126   153   563   677   588   99   241   518   1203   1592   90   1651   546   642   1021   373   
1162   369   474   355   575   1679   34   395   146   1700   167   187   1017   911   1150   453   0   156   362   114   378   12   90   116   542   181   418   17   1013   796   159   346   670   74   191   882   477   398   1753   39   605   766   233   24   363   480   1011   57   13   374   0   348   329   99   1096   781   16   459   16   1009   455   167   486   422   440   669   1073   298   918   923   171   1122   1041   694   112   1189   336   46   795   1191   589   196   36   621   1205   141   1018   44   737   535   1154   362   545   228   42   119   512   1165   841   0   1057   313   918   558   128   395   106   106   516   841   550   50   1066   343   1046   1758   956   1004   1038   613   20   584   1581   345   1170   1110   133   357   365   160   521   437   417   1013   513   1033   682   506   1269   330   143   472   380   70   534   580   110   1075   94   139   1126   755   453   118   56   495   517   1831   431   190   157   33   129   0   1174   0   428   18   154   380   30   322   688   302   57   1648   381   471   433   322   1190   1168   690   195   439   1095   603   618   469   86   406   49   782   391   304   407   438   431   15   82   
385   179   335   336   404   463   1081   124   146   503   1086   990   178   379   552   261   156   0   205   1072   276   81   645   1128   582   736   223   1119   860   95   559   397   962   10   497   15   1208   418   472   750   1138   142   554   16   382   513   324   574   157   313   529   170   990   441   1027   1184   680   190   1204   981   239   292   467   307   540   178   1079   1170   147   135   406   710   171   1025   12   590   1064   114   678   281   190   977   70   0   467   138   1222   271   184   910   509   1032   168   545   570   226   138   1596   482   700   248   496   85   991   408   359   907   646   9   156   1165   156   463   130   430   21   529   568   1079   118   161   555   394   107   186   217   82   6   384   918   18   670   1033   425   102   76   964   129   995   724   306   921   1063   109   19   164   1122   1085   1181   456   375   126   296   1033   153   463   81   799   238   669   1066   1064   32   1000   230   12   757   496   1054   745   162   209   224   186   491   205   184   599   527   16   156   320   162   1120   114   362   437   553   541   42   561   416   219   329   683   938   498   522   1159   546   
50   1771   259   168   141   179   144   951   395   603   135   596   366   31   171   176   362   205   0   200   55   530   42   23   509   42   446   33   1240   614   1072   82   362   265   1175   190   108   419   0   161   352   443   347   176   86   38   582   456   296   458   146   78   170   131   1212   1726   41   145   317   272   695   148   0   1089   195   1013   1080   112   116   718   549   157   373   533   386   216   167   1019   148   685   0   110   119   211   87   679   501   976   1230   1648   778   210   164   184   970   427   550   163   132   1264   1047   267   410   901   91   205   163   422   1100   41   74   71   108   87   464   127   754   144   1185   981   114   446   153   161   286   102   336   18   750   510   332   1145   1077   30   296   514   182   416   1243   62   1088   439   149   133   960   72   1065   1170   508   326   360   155   211   646   487   18   456   1175   509   226   308   774   104   92   1110   39   1014   285   65   141   1047   23   1034   481   609   85   172   5   75   598   296   546   146   1012   456   35   539   1196   57   1086   110   530   518   37   615   683   805   1809   1054   1039   
226   454   585   315   372   463   795   18   538   1077   1111   313   1105   1752   128   1089   114   1072   200   0   290   504   312   764   1194   25   1022   599   673   581   143   421   539   511   509   459   179   87   535   1117   519   1210   538   315   128   129   594   1119   287   1181   175   46   511   154   640   450   25   490   159   409   152   1190   144   927   128   1758   90   184   41   611   568   32   447   556   968   646   555   306   162   143   1211   1179   347   772   133   535   289   593   154   21   754   989   772   384   147   86   127   145   735   440   334   19   942   911   608   986   663   499   370   538   1651   1108   1066   189   90   14   239   166   1709   137   632   383   448   1101   1153   113   1179   333   689   536   164   27   436   489   584   19   436   776   134   419   461   987   167   1237   539   322   233   158   63   137   96   245   115   132   112   1094   997   188   362   573   117   110   366   995   170   82   44   70   175   479   31   115   277   1015   621   147   665   25   712   100   23   1202   422   161   471   502   207   127   167   417   852   718   1079   460   19   410   1021   722   296   712   
131   54   240   550   970   1111   455   1115   525   336   1077   0   57   570   553   112   378   276   55   290   0   1110   1189   1074   91   1026   72   440   126   1018   982   590   177   27   285   918   135   120   1145   417   590   469   519   298   399   141   624   1751   21   902   0   184   593   131   1218   1676   513   1113   270   405   1172   335   430   624   99   670   496   59   39   812   518   497   217   6   725   1755   42   60   221   529   348   1728   345   20   132   346   1108   494   1109   474   30   400   401   159   531   325   1064   82   422   69   996   603   637   118   216   372   64   1248   519   374   0   886   1122   184   113   1034   761   53   15   451   306   931   1113   399   135   509   666   133   167   588   1120   255   555   396   637   157   1037   1061   1004   134   528   9   1082   168   1240   454   869   110   1169   178   431   1095   615   1036   486   168   99   393   122   1181   1138   650   479   137   411   647   1216   278   428   228   683   1045   933   222   343   587   303   15   527   652   25   57   513   403   386   165   231   174   132   1114   1165   165   840   528   1025   102   396   135   364   447   
774   60   412   707   257   132   347   1038   334   1755   494   534   569   1111   423   1753   12   81   530   504   1110   0   270   926   166   1001   115   320   473   39   1193   31   435   535   119   1206   370   403   418   283   1758   81   400   733   1169   387   511   13   119   77   199   1109   255   128   494   740   1114   52   288   604   166   518   463   688   499   90   1129   96   991   362   530   582   66   1638   309   158   918   1240   92   1096   281   425   378   389   503   119   1163   1200   118   250   352   0   146   1037   457   1070   1077   572   345   9   381   147   1190   163   137   330   1141   525   1132   459   1191   669   585   94   954   772   168   1073   424   1064   37   119   513   490   551   25   531   465   678   535   395   631   128   706   674   71   364   200   443   319   200   115   1120   540   407   748   1153   558   164   630   505   513   447   530   1144   81   639   652   312   0   146   504   165   1048   94   153   447   347   688   1105   428   177   1028   545   1149   585   37   1000   640   135   349   1102   503   546   1021   193   1130   5   185   361   461   988   1004   113   1102   296   904   42   184   266   
926   1197   52   1067   1592   110   124   290   1168   409   643   1187   718   150   418   465   90   645   42   312   1189   270   0   525   120   460   1031   549   67   1125   764   1024   945   549   684   59   50   748   185   1039   722   235   409   1002   210   684   320   169   1698   460   1075   0   235   650   517   656   15   366   277   414   53   371   124   380   457   740   716   332   619   286   64   618   584   526   149   546   473   356   167   409   1218   242   1676   134   400   355   225   58   112   38   1214   1086   910   494   153   15   48   115   67   312   556   671   1117   154   1061   374   640   517   1781   400   538   504   55   652   306   659   684   0   0   175   293   611   1174   143   274   267   364   92   542   585   590   114   504   95   529   394   932   456   366   1279   345   525   50   112   198   413   448   990   455   807   505   154   173   1728   152   937   1181   569   235   399   21   755   1132   217   330   454   595   155   136   1033   592   502   32   428   147   1016   951   176   546   625   1079   554   66   154   443   128   532   474   87   332   0   501   1054   109   1042   195   19   407   582   585   
328   1046   0   10   514   801   153   9   551   629   355   191   53   908   281   218   116   1128   23   764   1074   926   525   0   292   0   200   504   1616   119   50   193   190   722   596   631   948   546   88   535   543   631   190   1169   653   365   553   689   1079   424   1203   132   144   69   534   247   101   123   225   1122   511   564   1643   762   617   991   406   127   1058   38   207   219   645   119   658   137   132   384   167   528   9   472   277   355   1738   210   80   480   325   20   86   1700   750   1174   442   1064   1109   286   1669   323   455   551   501   1079   135   617   581   926   686   566   455   400   307   449   151   174   1053   424   456   482   142   391   1709   1697   1002   207   403   682   701   96   467   338   280   141   378   174   113   211   296   74   369   544   163   1782   0   146   1167   514   304   1070   677   949   165   806   91   133   273   543   71   327   583   188   275   206   504   736   136   391   77   910   1047   996   539   140   458   124   90   1110   357   174   539   1115   313   589   108   1000   292   820   153   228   1088   919   598   970   136   166   17   412   1592   119   
174   190   132   467   31   144   433   640   540   429   723   670   1044   554   17   1072   542   582   509   1194   91   166   120   292   0   1004   119   881   368   130   226   378   1084   247   643   528   707   42   1028   222   396   160   37   1156   152   321   86   1592   133   159   494   621   526   116   390   1169   140   15   1176   92   116   431   570   517   652   134   55   150   269   758   66   701   721   226   1202   716   358   150   132   24   1782   1194   1241   497   436   212   977   1049   1038   193   1059   142   136   158   125   79   1592   166   127   587   396   365   1036   761   695   485   712   456   396   456   441   460   419   711   158   525   794   1   605   549   145   678   454   184   1145   295   1004   101   13   191   204   593   408   225   458   133   473   458   1753   387   1072   569   1139   1025   1197   656   1003   1197   747   1079   1118   463   362   1065   343   128   407   85   1188   1045   360   461   149   424   758   217   646   273   9   159   399   165   139   650   39   710   44   25   17   387   689   321   1088   151   85   25   1004   37   167   399   643   427   611   241   445   1191   9   380   522   157   
1240   114   18   115   782   1000   16   695   461   348   79   0   216   1141   331   636   181   736   42   25   1026   1001   460   0   1004   0   739   812   687   201   82   846   82   904   1132   540   654   318   55   1084   190   131   477   0   82   12   566   1251   344   353   137   1092   395   231   139   383   404   532   400   82   546   904   922   1106   430   1155   1046   516   86   145   280   496   538   487   459   316   462   80   216   85   138   483   311   123   403   85   1081   90   293   695   1099   401   897   1097   1049   566   219   1172   346   138   945   219   1781   464   132   220   977   481   971   388   162   322   503   163   1187   92   608   425   401   597   657   980   950   155   1001   163   475   998   358   723   128   128   861   458   0   103   1111   164   392   118   364   12   18   165   625   1110   685   522   1212   82   463   112   316   1135   390   114   163   1145   998   315   1021   238   421   117   1090   527   98   654   1027   1031   17   133   427   1079   321   154   378   323   255   611   480   173   111   511   61   1212   347   1190   575   170   388   16   274   107   92   354   281   332   550   1026   
168   93   1694   640   499   384   271   423   469   130   754   149   152   211   332   144   418   223   446   1022   72   115   1031   200   119   739   0   97   743   1093   100   136   418   1143   334   464   1022   1000   1099   999   1156   290   996   249   1005   1172   428   112   1033   1045   626   464   441   787   159   75   509   50   638   336   449   58   1220   160   852   1145   307   1021   51   384   652   657   1116   539   206   716   127   406   274   1223   178   127   555   84   117   421   1098   437   571   41   665   100   869   100   392   970   177   764   333   1138   549   806   911   318   0   185   492   1077   796   346   1132   36   996   784   552   1161   51   521   605   777   277   94   202   180   999   929   619   895   372   1000   329   540   125   330   1009   617   757   469   559   605   179   1145   311   684   381   394   235   413   501   383   550   362   735   1119   383   900   525   20   482   1192   419   198   644   428   876   1031   461   0   1023   933   23   149   907   239   520   40   1119   514   287   150   1057   173   348   167   1142   113   464   375   257   57   784   818   316   1776   652   1016   463   1052   135   68   
783   490   508   23   427   392   983   604   146   263   481   353   321   0   228   1090   17   1119   33   599   440   320   549   504   881   812   97   0   311   571   977   11   948   115   800   417   342   55   914   409   7   447   750   547   669   122   165   331   587   101   651   1009   1059   1093   96   421   119   361   516   117   301   615   150   0   209   127   50   248   1111   126   275   1158   226   1145   932   507   321   33   1079   1115   196   227   535   723   16   147   440   447   91   1036   510   347   1194   135   1065   540   550   546   155   98   118   1124   1145   87   1701   138   14   519   598   206   1211   588   336   422   326   296   112   160   439   1115   500   157   436   131   229   326   75   573   113   112   39   93   1196   322   1783   1190   86   527   1095   152   453   808   1066   1233   799   1724   1084   528   1034   104   1154   163   1120   1174   1128   555   989   0   334   650   151   398   545   535   927   428   704   20   172   18   1221   539   746   24   92   474   932   138   48   24   1081   431   707   1206   384   575   283   646   1101   1026   168   866   168   735   560   108   653   1080   472   39   
1102   360   1079   1181   1122   132   1103   129   110   554   1169   125   706   721   123   324   1013   860   1240   673   126   473   67   1616   368   687   743   311   0   280   1136   936   160   212   394   338   128   79   335   77   588   118   150   519   132   537   285   433   999   860   1098   555   1164   837   1738   309   487   1031   487   98   139   90   594   163   124   136   370   729   183   200   685   938   211   150   306   56   334   472   55   776   330   644   162   621   1172   1107   1204   77   145   621   279   463   210   1109   47   1024   1184   1107   537   0   180   428   1067   145   174   142   500   55   210   438   160   513   330   182   207   574   510   9   356   457   126   91   619   555   403   171   982   498   748   575   24   9   69   88   474   1068   1726   451   512   427   223   1096   259   87   758   1074   1152   432   1152   100   296   127   176   177   524   204   171   104   144   310   336   980   163   427   106   912   986   389   492   778   442   98   677   224   1002   108   1279   280   108   435   26   1026   92   795   1002   539   981   450   554   1030   1145   1132   589   355   537   20   199   378   360   1596   
379   287   63   420   458   373   56   104   64   422   185   140   680   355   748   421   796   95   614   581   1018   39   1125   119   130   201   1093   571   280   0   589   553   48   389   612   1718   718   47   1108   167   907   441   750   549   1696   441   44   546   1028   1107   15   689   974   36   598   639   219   0   255   406   0   796   138   501   1112   405   95   119   487   627   467   562   29   126   81   1058   145   692   1070   582   92   73   475   1137   398   423   231   527   1097   283   596   525   467   98   1079   494   442   330   123   1054   211   489   115   541   729   93   434   528   354   1053   537   532   435   625   913   900   53   1179   130   461   615   455   967   166   39   1139   79   327   62   55   932   725   1168   157   292   846   16   164   951   69   400   413   826   539   92   322   646   280   196   535   347   545   255   18   975   436   910   599   191   911   102   1665   907   1084   569   306   139   35   151   334   549   136   999   1176   324   1068   1158   115   335   715   330   1695   336   795   474   167   369   1077   439   498   107   360   968   1128   527   490   404   1200   351   116   
4   285   33   461   767   121   353   1093   298   1029   389   1142   172   139   96   1132   159   559   1072   143   982   1193   764   50   226   82   100   977   1136   589   0   1009   1061   549   676   1114   1155   122   896   164   216   82   913   1080   19   193   1029   312   1060   1107   397   126   761   926   363   137   273   135   114   646   9   295   736   91   375   146   287   807   38   124   1230   330   390   531   212   1146   782   933   603   960   226   431   370   401   49   428   16   646   88   667   82   64   152   1694   1612   167   1050   805   550   51   286   50   1140   34   228   328   119   1020   120   139   1726   41   709   72   198   409   689   1162   1176   434   917   175   701   829   147   330   231   751   284   0   983   1125   123   27   36   91   92   154   149   25   250   112   1000   1102   355   354   1162   536   1072   167   249   688   174   454   455   471   466   74   527   976   1078   44   182   516   530   466   407   1187   290   266   522   585   313   613   152   14   176   462   131   150   386   418   5   1005   439   670   170   17   405   530   249   150   365   1114   179   538   112   131   981   1122   
1140   213   234   31   593   127   113   149   240   486   391   1088   1040   382   286   487   346   397   82   421   590   31   1024   193   378   846   136   11   936   553   1009   0   513   1113   128   467   71   427   688   755   14   652   474   571   366   1220   1176   0   1077   38   378   91   164   1070   99   15   369   216   1189   764   453   44   50   774   478   1064   162   25   904   455   778   135   101   540   302   41   408   1165   367   1026   380   1188   1024   81   641   37   336   138   196   43   294   1203   680   748   67   19   190   625   426   299   442   1058   139   17   305   1012   501   161   74   1142   68   766   15   452   403   19   977   173   612   586   363   240   77   1046   502   447   120   137   308   460   787   99   557   19   1054   79   699   182   395   179   1144   17   279   433   1190   288   67   637   34   18   176   14   1216   152   505   350   736   1061   70   454   484   1079   419   366   522   670   442   561   183   369   122   144   82   221   384   64   514   409   163   13   1190   437   438   544   90   409   430   680   6   241   168   487   699   645   508   129   127   273   133   407   
126   967   1079   113   327   1266   1239   518   781   31   115   209   225   439   1751   524   670   962   362   539   177   435   945   190   1084   82   418   948   160   48   1061   513   0   112   538   424   658   103   624   96   190   918   190   148   698   1188   1114   368   311   1616   1080   658   1024   134   973   13   159   982   1258   17   3   694   292   1095   196   3   114   592   365   183   415   505   371   569   897   55   269   102   947   295   19   157   1710   683   499   21   224   93   131   175   436   248   554   504   271   159   365   113   639   364   878   927   143   705   14   221   108   104   638   172   594   52   181   180   1096   1053   181   973   160   631   129   15   153   104   101   182   62   140   522   132   994   255   226   1194   412   92   1104   1093   336   392   134   764   433   730   433   159   577   1005   165   216   545   297   1251   264   37   907   1633   1048   101   474   212   446   919   400   55   68   322   680   521   465   88   582   195   217   296   321   1155   164   123   343   20   345   795   389   312   1158   688   660   1024   1279   1207   131   1131   95   590   774   315   110   1098   497   
