200
0   981   531   1197   516   261   394   0   299   455   118   148   1130   633   228   321   318   178   855   524   806   364   1725   1139   182   43   349   87   120   751   518   980   304   1037   1724   642   518   141   183   100   413   580   41   1117   167   409   19   28   335   734   133   1113   53   136   123   210   1169   154   166   339   44   394   621   401   167   136   70   516   841   1072   1710   539   174   148   685   80   1657   255   529   460   643   6   1135   111   9   340   142   74   209   77   1097   391   383   518   781   389   777   155   575   519   163   104   321   49   594   316   1194   379   561   1016   381   589   61   375   1154   761   118   436   547   251   114   100   308   596   0   521   132   90   0   14   559   1129   98   12   297   417   115   16   1172   346   538   149   1205   1081   437   403   1079   626   394   466   241   255   0   446   1179   949   482   66   473   1122   474   941   39   185   4   1695   389   142   175   560   318   1155   1021   31   167   1145   852   27   103   1727   177   597   621   876   360   948   351   127   373   252   389   391   171   51   1120   370   555   1253   438   21   
981   0   44   16   159   334   997   336   80   972   71   211   563   346   51   1233   96   1279   621   1089   729   1241   427   45   151   772   436   436   1809   453   169   387   165   24   718   652   745   30   226   50   580   1061   122   1052   225   214   169   373   22   556   681   331   596   66   910   17   373   1140   23   817   588   1024   806   615   220   285   757   312   956   154   14   322   171   346   560   147   500   161   937   160   116   159   837   248   218   656   550   888   1096   1038   430   362   321   479   287   428   166   139   80   296   827   1142   353   867   249   52   975   196   1093   1143   143   590   144   379   436   34   491   139   1210   147   580   423   322   175   1018   793   824   1063   331   1765   915   1188   42   631   312   129   364   625   464   640   148   312   841   438   43   191   547   813   369   1196   176   754   1175   224   392   389   252   116   464   13   907   312   998   563   372   170   389   1211   1114   447   132   190   190   100   1638   682   1065   525   1033   400   389   486   776   133   511   149   192   285   525   336   146   1084   364   20   7   75   1725   74   1267   359   
531   44   0   128   1161   374   152   994   525   907   279   1068   321   1070   1163   16   1008   80   112   453   555   378   1155   472   456   35   524   1047   1086   4   53   144   387   497   1106   1132   417   57   22   354   354   154   748   973   490   563   42   303   490   640   1073   226   119   1018   1111   475   118   583   116   110   119   1251   69   537   198   910   1083   388   64   555   598   137   47   27   1151   586   524   1073   1758   1187   331   35   49   137   481   49   128   560   1028   74   147   147   897   375   463   235   553   540   236   92   99   163   16   626   1145   55   71   138   817   1234   123   500   529   138   187   651   553   142   557   162   191   267   36   144   97   163   45   714   394   16   170   401   44   1088   120   114   576   631   1037   228   1738   436   1113   466   211   677   358   1032   61   321   0   162   712   175   225   44   208   144   14   611   493   502   200   1105   1176   172   520   203   384   772   621   748   387   145   1155   487   415   1731   345   525   1018   521   296   48   910   136   1103   80   1172   166   490   58   571   0   433   1145   316   345   419   451   
1197   16   128   0   23   98   139   1073   829   1102   141   605   1648   661   593   151   715   135   728   159   308   443   1114   140   511   112   945   530   1022   171   657   411   553   783   65   377   431   937   150   646   24   495   968   1226   126   52   1044   619   1189   228   89   138   806   667   254   990   549   972   555   435   1006   368   1073   864   1023   433   396   1178   52   1173   133   0   182   135   549   443   370   67   553   467   300   297   361   0   1097   80   586   78   1196   103   230   390   287   831   371   132   324   508   495   548   550   64   915   1206   241   159   897   1081   222   258   977   1136   272   161   907   1129   1081   365   532   384   698   65   523   316   745   304   969   1039   292   1155   133   350   157   1161   179   383   327   927   383   35   508   1024   396   1143   92   988   32   20   711   167   971   1066   312   1189   228   152   312   167   718   764   108   130   508   564   433   948   1135   990   1196   973   438   167   789   308   100   1113   937   864   274   556   292   139   145   1022   528   678   128   164   1019   661   1090   113   48   110   114   135   924   519   144   680   
516   159   1161   23   0   41   74   1105   74   896   774   1148   42   1059   15   331   53   149   1004   315   158   1269   407   487   497   271   239   591   1028   177   155   1131   594   558   22   1158   661   273   650   544   534   370   1018   155   1016   133   428   3   216   1   1170   475   98   1181   115   132   647   1216   1005   540   139   615   206   280   393   31   1208   396   336   205   27   284   35   1080   455   372   565   457   143   428   1026   25   37   238   142   287   108   143   601   54   856   53   140   16   206   130   135   1080   706   163   549   1710   1206   120   1150   1114   910   721   1122   120   446   65   941   806   524   361   549   71   420   38   83   481   1096   507   324   555   487   151   494   345   642   1029   173   157   187   1021   20   220   17   522   109   209   1130   227   463   83   656   601   160   357   144   55   209   162   43   598   368   15   1002   550   146   418   161   123   391   1087   434   670   77   304   393   521   777   731   52   539   472   84   555   1047   492   1136   1153   880   611   267   1035   13   647   174   1233   699   368   25   383   313   960   975   294   176   
261   334   374   98   41   0   1088   157   1072   108   527   168   1075   141   367   937   636   601   13   387   0   503   110   1159   173   1079   482   316   652   1230   1596   485   237   427   454   1097   321   71   964   211   70   386   6   555   548   157   117   1214   380   46   873   452   1146   533   615   419   929   9   304   353   451   106   347   285   546   20   392   583   69   225   656   417   1086   81   162   1701   475   592   957   115   502   447   1161   1596   383   597   145   146   1834   595   403   588   463   144   1059   1105   363   600   396   483   537   634   372   382   510   1145   107   891   171   576   287   115   149   127   8   167   283   496   714   397   60   112   155   134   127   374   136   196   193   131   487   351   127   1082   158   293   1267   200   151   455   923   149   618   845   582   1150   1169   362   1657   22   509   94   1065   107   954   14   576   623   234   766   688   1143   1092   181   519   1775   366   83   1175   451   108   375   277   461   177   165   518   643   383   670   1084   165   279   303   1204   1086   274   119   517   718   122   1057   880   549   1074   499   357   582   132   428   
394   997   152   139   74   1088   0   603   173   911   599   665   138   139   170   129   1696   1016   141   608   325   820   99   857   283   39   136   1765   445   117   1062   1080   1006   1066   974   752   115   247   470   292   478   1153   33   535   413   1040   33   198   304   205   705   266   1005   155   909   395   1047   1180   286   1187   354   6   500   560   280   134   327   540   248   239   177   846   240   211   161   308   132   686   108   895   128   780   163   53   393   924   473   553   106   305   441   1088   490   25   438   419   113   224   234   594   650   1097   122   342   138   40   179   119   161   135   316   215   806   162   897   580   694   482   108   91   143   286   187   1046   318   115   144   577   255   676   1127   721   224   624   99   36   1086   228   542   14   687   967   881   104   427   463   23   333   444   79   1018   508   1706   466   439   1184   60   173   1170   1679   21   1727   1014   114   1181   463   165   367   379   572   1240   481   205   226   750   852   17   191   1084   602   306   778   47   302   886   331   523   336   1192   218   1193   287   392   523   484   431   585   1159   200   1112   
0   336   994   1073   1105   157   603   0   292   602   585   556   757   348   321   226   175   99   57   347   1077   228   537   131   1019   75   910   1088   102   31   163   74   1027   101   136   554   1758   1105   150   75   714   115   155   1158   637   653   136   540   524   403   62   438   499   120   718   1125   1072   116   235   4   545   1005   578   310   346   138   356   370   67   389   1200   572   52   587   446   15   1094   519   1155   318   758   72   546   110   387   502   174   139   55   826   587   312   721   248   1048   1006   409   975   169   1004   511   213   446   326   1038   977   440   1140   164   408   487   1087   467   134   540   108   176   51   283   468   21   62   642   467   37   245   1026   409   1080   353   696   1020   496   137   139   90   1113   223   136   1758   143   1179   539   346   237   170   39   136   205   90   919   940   158   830   550   391   102   39   637   381   249   1801   422   159   166   217   240   350   346   90   402   28   351   241   1100   457   75   221   727   1130   595   396   553   345   1114   170   421   64   1072   571   1057   206   754   777   556   405   245   1758   226   989   
299   80   525   829   74   1072   173   292   0   290   1141   110   1732   58   1151   483   330   158   565   594   751   1094   82   158   994   401   573   615   73   57   294   591   75   1752   973   466   503   532   599   13   783   432   82   987   593   1057   1077   1024   131   148   360   424   22   122   182   1159   421   0   69   586   295   334   1088   316   411   366   576   474   818   973   20   716   985   127   1197   165   158   788   21   1679   409   1105   324   827   438   1116   628   153   440   1049   511   286   349   405   1143   467   653   433   174   1037   643   514   1004   42   649   83   153   206   1151   355   209   15   366   292   341   430   712   96   115   1241   209   1165   521   782   837   74   347   1060   443   167   118   176   1076   124   435   272   534   50   316   1809   1000   0   152   1034   347   345   564   20   121   5   60   162   28   49   983   1105   664   1201   1087   1072   981   1191   119   752   1077   100   1058   618   185   874   155   226   1102   1030   103   997   549   8   952   1191   940   139   313   248   547   279   255   401   581   154   671   399   600   19   1024   376   650   22   1216   392   
455   972   907   1102   896   108   911   602   290   0   576   832   190   952   271   1045   690   70   424   702   1206   348   0   624   995   456   673   772   277   1138   595   511   460   243   156   165   644   598   532   1080   490   67   742   127   312   392   174   132   1161   477   553   582   235   670   347   1093   123   534   1176   424   1192   527   373   554   109   259   24   225   1176   451   1216   550   327   314   21   62   575   537   145   1638   1115   0   129   52   1050   203   910   114   304   147   374   555   1696   147   476   252   1240   505   633   274   1025   200   215   129   396   225   557   160   605   553   511   23   1194   167   100   134   117   1731   611   331   166   134   194   537   411   156   181   102   588   454   20   784   640   457   161   164   787   652   617   622   171   473   313   558   111   438   554   968   220   583   364   121   433   1006   806   0   0   458   93   112   36   1727   159   550   209   833   764   1155   169   161   1079   438   679   90   699   329   391   551   1084   94   830   1233   54   119   711   190   1084   346   1146   1118   675   373   107   384   519   507   392   1044   510   487   
118   71   279   141   774   527   599   585   1141   576   0   350   1190   124   86   927   95   1207   34   225   459   271   30   6   92   505   47   1084   141   136   474   918   167   684   817   808   430   254   1146   383   86   440   119   180   1146   384   221   321   305   983   178   537   74   522   49   1251   124   1175   154   562   224   619   373   495   81   718   513   129   628   1237   27   1736   91   384   519   490   200   841   1190   1200   199   163   123   148   363   127   1136   476   14   39   101   1032   17   801   502   370   318   1030   652   327   409   538   1130   318   1072   305   114   114   316   47   699   14   14   1701   185   157   472   1153   589   107   369   74   327   118   997   135   396   1024   293   46   972   234   373   549   307   162   297   114   271   39   552   245   73   1116   1024   523   854   360   350   133   71   807   42   1154   363   666   311   670   735   776   351   689   1196   1061   1710   1105   275   504   1000   588   298   345   154   36   373   857   334   340   121   49   0   1175   659   407   669   511   1028   92   652   311   172   288   1030   622   441   421   983   0   575   0   
148   211   1068   605   1148   168   665   556   110   832   350   0   554   210   145   92   159   666   309   1701   463   137   403   1758   297   552   586   1143   14   101   322   1145   847   0   605   626   640   1113   172   437   168   985   507   983   146   86   355   185   986   184   168   64   486   583   164   175   405   721   423   19   143   1031   357   304   23   365   979   331   133   313   422   337   437   33   527   552   550   655   474   427   316   450   335   50   1054   1726   118   83   910   251   335   1044   557   400   222   119   562   612   1189   213   343   342   143   1694   517   625   531   1755   1031   493   162   1771   354   123   626   149   313   624   650   155   446   330   160   327   678   712   84   1050   543   1039   120   329   581   150   596   788   425   446   1230   527   194   151   593   0   678   718   652   0   806   381   315   427   1119   162   405   349   373   231   443   63   1019   794   1076   504   132   454   154   172   20   542   382   18   1191   419   167   11   120   383   322   551   475   1190   162   216   9   1079   554   136   827   67   1129   319   375   523   546   222   139   28   14   235   
1130   563   321   1648   42   1075   138   757   1732   190   1190   554   0   66   1084   45   663   403   13   1068   22   368   895   449   623   42   687   1122   431   70   673   547   135   926   212   240   128   1176   1090   974   1145   999   24   1057   999   538   159   49   311   226   1073   1211   439   67   1104   249   681   585   510   316   140   207   1155   1170   302   387   73   73   308   336   20   204   748   573   167   906   214   82   459   587   817   187   477   669   93   300   1153   1080   98   56   71   258   131   145   205   147   1058   249   320   660   530   1046   185   474   916   17   326   23   345   143   55   122   172   116   111   217   130   295   35   100   436   116   578   135   119   508   163   19   139   119   311   789   1072   117   1102   170   119   1102   524   110   219   158   867   20   538   369   597   348   160   433   324   129   136   1031   524   12   571   0   325   1131   150   1218   92   119   188   565   52   1205   917   706   60   145   12   1048   11   514   171   423   200   970   122   239   389   351   603   91   472   217   275   1162   574   369   196   87   712   306   1527   190   795   152   
633   346   1070   661   1059   141   139   348   58   952   124   210   66   0   17   381   144   522   18   624   443   467   686   159   249   966   170   0   463   155   120   1001   1101   535   1581   175   146   104   118   36   582   451   628   152   1057   135   591   70   487   674   1089   52   406   1075   482   73   354   448   133   211   96   373   808   482   217   1172   525   99   370   177   852   130   1126   77   736   234   639   1117   124   456   1071   667   189   308   409   348   1077   305   287   502   446   93   85   344   733   462   1073   312   559   974   28   114   83   127   131   387   564   214   1728   443   348   505   25   625   225   192   389   100   152   464   134   351   956   1025   241   1158   370   589   1108   32   1162   1095   777   142   1011   650   973   440   277   575   292   849   748   498   136   423   173   571   53   535   552   761   175   206   577   1058   258   286   74   234   235   552   387   1803   742   98   205   34   482   796   651   704   487   1198   47   593   119   622   419   118   527   378   442   571   382   408   490   371   36   0   158   53   330   982   22   782   162   1154   1048   141   
228   51   1163   593   15   367   170   321   1151   271   86   145   1084   17   0   349   495   1192   326   126   594   1130   550   695   308   540   90   781   108   451   103   373   351   73   303   81   341   520   1120   588   999   1016   451   87   290   921   192   148   1155   494   324   355   127   1086   47   362   130   375   561   846   101   669   437   1067   47   146   142   718   669   622   119   0   88   938   29   467   553   1004   67   627   369   542   922   183   89   1727   366   5   550   311   400   293   391   1025   120   369   1145   992   138   374   127   14   307   53   324   1011   972   336   1042   242   1169   549   1146   184   162   384   34   129   288   88   1080   487   396   916   159   421   66   66   370   225   332   1117   89   914   34   355   303   75   1125   136   466   459   1024   112   84   378   138   97   529   171   1167   472   492   337   195   1167   112   213   30   106   407   44   458   1090   1172   1180   149   72   964   27   469   381   110   1195   336   111   354   830   663   133   595   1098   219   434   337   690   146   683   1061   624   947   750   593   50   1185   75   48   17   319   455   
321   1233   16   151   331   937   129   226   483   1045   927   92   45   381   349   0   130   90   52   330   447   975   7   1258   434   592   376   138   130   107   962   1017   293   588   690   1049   402   394   282   1102   93   1204   599   147   596   964   679   133   528   98   187   323   381   61   354   684   1150   220   1040   486   0   260   258   1086   646   129   777   808   255   110   423   789   544   145   82   305   154   127   228   597   551   1026   508   317   678   116   164   582   1017   555   1078   436   1211   387   365   1196   911   24   1018   1042   626   549   1024   433   152   93   361   818   505   140   1226   533   120   372   678   416   995   111   1206   8   198   67   1141   255   18   394   1102   134   1738   470   80   1059   592   159   301   926   78   0   501   173   1279   225   1052   0   143   139   24   438   72   321   131   1026   87   1187   555   1111   159   409   950   534   137   37   173   74   152   1100   34   129   1130   320   581   223   126   127   332   190   193   336   141   937   545   515   333   86   795   540   518   712   1076   386   90   1009   138   90   25   162   1102   168   1054   90   
318   96   1008   715   53   636   1696   175   330   690   95   159   663   144   495   130   0   550   223   59   0   451   997   774   345   27   550   97   593   345   761   322   555   172   996   141   917   434   417   658   355   181   153   1223   206   433   29   33   128   164   0   68   573   74   754   330   221   29   55   546   41   20   128   619   0   218   96   521   556   149   148   223   135   312   626   240   763   1111   1202   211   127   167   182   1066   41   184   357   42   1214   761   999   1037   645   143   427   614   680   530   1111   0   1138   1022   466   19   131   565   40   461   312   134   155   1017   161   148   349   639   1736   138   347   688   19   177   423   163   307   219   621   619   1187   411   643   92   643   139   69   360   312   122   85   235   812   353   519   508   421   113   73   1110   1048   422   841   373   503   153   999   1024   1126   394   394   549   503   53   152   22   396   128   1709   154   416   250   1141   146   656   543   54   981   154   678   466   173   1038   88   520   281   333   719   400   422   618   27   179   550   452   514   847   437   290   21   81   1108   
178   1279   80   135   149   601   1016   99   158   70   1207   666   403   522   1192   90   550   0   90   434   561   200   54   456   119   361   143   131   795   725   77   351   210   8   271   87   33   37   418   397   951   216   1111   438   626   1771   1226   71   372   1038   20   9   67   1197   202   361   343   553   636   968   124   163   210   167   911   409   446   1098   503   619   13   35   325   1050   48   273   1072   59   938   1187   132   636   1066   28   1072   468   451   458   413   176   371   225   306   226   71   332   92   93   990   989   137   44   55   573   133   413   1080   399   414   718   385   349   1052   546   1113   441   86   991   104   1075   447   895   1114   792   714   1267   615   95   700   752   35   138   537   125   157   88   142   1200   1069   384   755   128   131   557   160   143   1028   248   1022   404   117   631   244   1162   492   1052   778   647   733   913   161   1028   948   510   134   82   260   517   72   416   522   157   316   335   178   1046   236   617   363   490   384   1045   389   171   436   617   1176   293   1189   777   1047   1176   292   864   476   1102   1066   23   62   345   
855   621   112   728   1004   13   141   57   565   424   34   309   13   18   326   52   223   90   0   168   473   882   25   206   371   594   1074   175   1047   615   240   1028   458   53   1738   151   55   1230   0   537   39   348   165   47   525   886   119   120   808   271   148   57   525   135   261   605   226   425   554   683   954   75   0   477   191   139   572   575   116   463   423   38   345   1190   120   91   0   683   1028   128   489   1198   100   115   642   362   576   1066   248   326   142   205   437   413   158   584   781   295   193   545   1646   122   406   131   131   318   1099   378   1206   489   336   36   389   32   43   796   880   36   178   1022   81   1736   147   99   320   102   1101   154   510   456   778   255   512   409   1064   72   140   1176   552   179   1150   407   342   568   140   175   505   160   1115   162   1093   247   1176   678   220   1701   664   1738   371   799   276   71   1116   951   659   392   576   95   516   625   989   425   619   132   89   405   980   540   430   1140   142   469   155   351   223   433   342   81   13   202   73   888   1073   210   128   1073   20   366   1040   910   
524   1089   453   159   315   387   608   347   594   702   225   1701   1068   624   126   330   59   434   168   0   1200   1011   457   477   354   560   1184   366   496   416   575   0   522   1100   413   719   1172   458   549   525   255   389   18   92   748   545   92   403   272   332   1170   1025   1258   1036   647   323   723   1068   375   1026   511   1038   176   552   104   445   914   841   347   386   267   1220   937   1005   16   360   114   695   404   812   639   196   147   443   608   474   1087   1111   1026   1054   1129   1095   415   155   503   962   226   986   552   1107   460   103   510   144   382   437   1216   701   566   238   239   158   634   126   613   432   138   414   550   910   999   132   139   278   164   127   565   383   27   319   436   978   952   482   133   540   151   1172   130   127   312   155   153   1032   1117   774   174   5   315   918   218   766   167   681   447   329   904   572   803   119   742   965   328   615   119   121   1032   13   580   1045   27   419   369   194   25   87   103   71   957   1   120   273   386   155   456   1110   524   796   20   321   463   972   1136   348   1000   563   220   108   670   397   
806   729   555   308   158   0   325   1077   751   1206   459   463   22   443   594   447   0   561   473   1200   0   1184   474   405   14   156   82   1067   376   456   650   674   91   99   1079   528   483   85   1169   1240   443   1221   147   179   397   24   37   659   443   760   19   852   667   1129   116   1025   198   304   178   122   528   80   638   345   74   73   221   35   679   146   585   301   140   614   1086   1034   129   967   1168   161   438   989   1077   443   122   585   597   271   706   162   777   608   5   117   1279   146   44   541   382   318   190   57   409   118   173   171   806   1056   684   661   89   1128   518   534   13   184   639   938   27   17   744   277   1030   521   618   1053   438   608   95   364   1084   391   541   1081   627   84   97   513   350   27   67   9   458   227   93   1024   980   1046   484   223   394   428   650   176   1173   575   74   156   539   283   568   599   1024   148   473   1063   1129   190   1104   159   31   1095   113   721   210   674   141   46   363   305   437   1179   1080   12   136   143   1129   559   17   391   1074   1000   120   120   1181   50   61   1169   1009   384   
364   1241   378   443   1269   503   820   228   1094   348   271   137   368   467   1130   975   451   200   882   1011   1184   0   159   1145   23   131   33   298   170   1048   1129   98   190   1026   433   832   566   100   15   160   675   1129   330   446   413   537   320   510   503   497   332   706   88   1026   571   361   129   98   162   116   31   1009   0   401   89   155   500   459   1016   1047   535   1001   41   417   700   545   556   1047   951   190   1116   412   225   280   462   153   553   995   1066   622   654   0   405   330   1099   397   352   1141   999   552   146   503   0   119   1061   92   239   499   962   453   656   467   208   115   110   415   711   514   325   1676   74   174   285   986   387   499   1193   1047   938   138   230   358   1238   68   38   1000   1009   174   987   991   792   100   1137   911   98   1102   972   681   1099   541   37   198   304   535   541   32   548   1179   852   49   588   326   1086   419   1018   487   332   240   384   436   168   22   570   645   350   1705   1   1079   1094   167   19   1725   431   143   678   159   1176   372   561   1102   475   271   396   123   286   88   1187   812   236   757   
1725   427   1155   1114   407   110   99   537   82   0   30   403   895   686   550   7   997   54   25   457   474   159   0   88   914   351   104   322   408   440   435   1206   1189   115   525   22   383   451   110   339   1056   99   745   374   761   100   116   86   68   363   1109   136   279   410   260   131   1053   105   228   1002   496   349   1141   250   181   224   557   509   129   163   192   113   75   504   292   1143   182   148   142   774   554   94   508   1073   7   830   92   125   334   1237   82   1240   79   530   916   1053   772   30   339   303   1066   19   382   653   322   624   319   1204   281   327   1168   419   216   338   153   938   324   211   504   536   747   904   516   601   147   1223   272   757   250   72   996   736   1144   416   650   138   1809   368   21   19   778   244   952   140   222   599   400   1028   216   312   320   19   144   308   56   927   19   304   551   812   146   152   962   587   783   1089   972   112   571   360   438   52   228   1709   1024   277   165   132   575   554   1145   86   975   117   51   432   17   314   14   162   0   916   643   82   332   144   24   441   1077   255   
1139   45   472   140   487   1159   857   131   158   624   6   1758   449   159   695   1258   774   456   206   477   405   1145   88   0   1092   750   549   1144   514   789   196   339   176   1109   1090   612   431   1158   691   167   365   324   173   141   132   1085   186   27   148   244   1095   277   1022   17   1098   158   507   17   815   52   440   37   595   108   612   573   1009   41   349   504   178   585   640   42   219   417   618   482   1000   437   441   1069   1751   1180   758   789   1093   550   346   506   369   690   397   639   1758   381   354   373   1019   249   1808   387   370   1013   1196   580   113   379   1078   454   1066   1050   1180   1119   211   185   976   345   182   1076   657   146   652   308   146   524   100   1092   374   466   47   124   191   24   524   611   841   883   324   118   38   71   159   670   0   1581   345   18   23   397   247   430   150   640   102   84   116   101   145   160   705   152   380   133   376   483   1114   296   8   1182   455   1080   212   1169   177   1162   443   334   440   796   212   1648   103   492   138   272   1092   171   95   189   70   144   927   229   176   538   97   378   80   190   
182   151   456   511   497   173   283   1019   994   995   92   297   623   249   308   434   345   119   371   354   14   23   914   1092   0   512   417   764   1050   157   1718   139   1080   174   30   538   1181   522   168   96   19   787   392   1073   46   292   76   918   18   373   217   461   990   1031   156   1077   51   63   225   126   1714   394   290   1204   387   133   437   1144   527   175   535   1050   96   1718   590   535   596   690   136   41   490   394   436   271   317   854   652   462   585   510   131   223   150   12   50   996   1022   518   98   817   154   192   44   317   57   1090   996   223   1031   684   402   409   625   428   284   751   382   15   423   37   428   922   71   166   713   127   633   1098   179   241   721   1111   411   175   463   18   528   463   417   558   434   350   1159   1181   370   147   1025   584   527   645   1107   546   994   971   148   553   98   81   114   643   1028   1108   85   112   312   107   399   286   545   528   500   830   117   410   658   345   705   217   475   591   530   113   178   1657   405   499   1061   112   163   521   314   179   374   293   455   211   494   577   596   503   
43   772   35   112   271   1079   39   75   401   456   505   552   42   966   540   592   27   361   594   560   156   131   351   750   512   0   250   155   257   222   594   1155   133   154   962   158   365   134   744   1080   684   563   184   19   290   490   483   710   736   119   203   960   352   160   1084   988   1116   951   1061   1005   1131   135   117   1061   13   532   547   132   86   859   191   1241   331   527   952   327   20   13   173   827   171   263   771   17   734   99   1046   480   551   989   49   918   1140   363   406   548   153   966   585   1181   1189   247   281   159   1162   787   560   217   548   1216   49   148   462   499   1194   244   296   101   132   911   1126   324   128   637   240   70   87   219   476   92   432   432   304   177   0   113   255   167   956   1066   255   12   135   437   748   200   428   978   608   86   498   133   524   1085   217   1169   0   1064   409   1141   249   1044   133   510   976   380   22   546   1834   217   475   1706   591   650   1727   1026   524   764   109   52   324   824   234   1660   810   261   165   1054   61   16   429   448   374   519   19   1090   252   778   505   138   
349   436   524   945   239   482   136   910   573   673   47   586   687   170   90   376   550   143   1074   1184   82   33   104   549   417   250   0   673   1097   313   355   375   365   138   273   109   893   1144   180   399   277   1136   316   106   1013   286   1709   1172   360   535   410   127   389   308   10   230   413   38   535   701   997   447   419   308   463   1122   211   1034   792   272   562   516   1105   322   1114   1145   50   399   245   19   40   1048   99   185   619   133   1051   366   364   37   945   510   145   295   566   229   387   124   15   1018   1103   41   167   0   0   110   882   1111   1725   1164   1058   1019   425   810   92   210   680   643   14   5   536   80   129   608   486   52   129   1726   160   860   573   71   87   92   511   580   501   1221   18   390   950   255   467   525   1102   337   165   33   346   224   549   458   552   403   74   1045   649   443   413   518   1024   1783   670   0   133   279   1231   28   573   164   511   621   1067   1148   578   14   1776   510   272   1175   1138   511   1203   687   1052   81   119   298   1724   174   89   303   778   457   1154   336   501   330   230   420   
87   436   1047   530   591   316   1765   1088   615   772   1084   1143   1122   0   781   138   97   131   175   366   1067   298   322   1144   764   155   673   0   118   161   560   50   285   421   404   130   284   271   434   15   436   1083   397   588   218   21   496   540   674   119   400   272   539   1069   427   165   1205   176   1107   684   474   0   1175   0   582   98   793   137   255   1217   171   1014   1214   46   141   602   292   53   1027   119   1191   380   332   516   55   14   102   304   114   595   419   157   212   86   1171   994   162   1038   384   168   317   368   255   484   531   171   110   322   308   169   80   1079   125   122   162   586   1226   163   1101   1073   165   13   273   1679   1172   308   656   433   189   603   1026   6   351   1187   147   313   27   1081   719   857   26   997   634   217   669   283   1080   525   1125   166   999   1137   333   396   1705   1079   351   0   92   599   1113   149   1051   743   159   296   685   1135   517   1061   288   1004   467   1096   70   1090   279   846   712   569   1156   387   383   464   700   390   125   678   430   181   62   124   913   552   1026   35   914   248   678   1048   
120   1809   1086   1022   1028   652   445   102   73   277   141   14   431   463   108   130   593   795   1047   496   376   170   408   514   1050   257   1097   118   0   103   459   562   408   115   1751   135   1776   619   1000   20   82   153   450   322   841   378   164   35   1095   795   287   886   1073   1204   1009   795   455   110   485   36   401   473   296   35   532   176   701   330   112   846   806   473   115   1267   422   200   78   181   14   354   131   608   11   25   286   90   72   8   494   231   555   267   226   295   1048   1113   578   296   0   56   113   296   300   559   202   1190   171   1065   235   158   82   838   169   478   317   50   107   414   148   316   69   806   521   886   929   162   360   400   423   354   301   422   42   109   149   163   385   12   464   562   1771   315   1032   528   109   1110   206   473   906   131   460   485   594   1222   1001   148   326   591   36   521   152   80   225   134   80   24   671   1077   926   245   0   231   136   544   374   388   19   467   119   91   670   436   126   297   146   1161   269   226   249   438   46   19   425   212   33   19   131   127   474   93   
751   453   4   171   177   1230   117   31   57   1138   136   101   70   155   451   107   345   725   615   416   456   1048   440   789   157   222   313   161   103   0   446   186   116   1113   57   671   218   178   348   317   53   389   267   14   458   1137   686   345   97   90   1061   510   472   1019   1181   140   153   1015   16   179   103   345   1104   309   568   813   435   503   689   0   399   519   13   496   200   933   135   832   397   1115   660   145   963   919   645   84   152   277   817   148   1156   529   213   723   975   750   106   517   51   1040   132   228   1214   373   1111   223   23   547   552   345   396   998   330   369   1024   1102   938   558   374   326   102   874   473   1182   35   1159   619   117   444   1071   1167   521   810   11   44   134   546   688   98   42   975   1174   336   230   70   718   702   1106   134   332   1097   712   1139   1128   1088   867   1648   409   241   298   417   581   136   1032   1026   140   442   1696   134   92   203   375   436   1125   425   869   964   79   19   519   149   427   135   608   321   117   484   145   407   982   18   78   1061   128   89   600   158   995   613   423   
518   169   53   657   155   1596   1062   163   294   595   474   322   673   120   103   962   761   77   240   575   650   1129   435   196   1718   594   355   560   459   446   0   1080   434   443   141   290   639   337   200   1113   1159   791   1024   1009   116   360   933   29   330   225   409   795   422   514   313   67   611   618   971   176   518   806   5   977   788   13   677   112   504   1250   240   568   1018   731   1194   345   1230   113   57   140   536   1146   653   159   564   391   490   678   27   345   133   694   160   524   418   334   135   474   1046   549   373   1158   980   316   225   799   107   907   1017   573   385   503   345   1633   222   789   239   1118   972   0   102   301   135   346   25   172   162   470   174   1072   133   142   1140   57   428   97   151   20   571   701   860   1105   272   929   287   156   536   175   135   706   334   321   815   51   333   285   285   423   332   472   401   599   1130   605   304   312   122   312   846   585   1202   334   1060   976   15   110   165   86   562   690   1158   596   534   595   395   225   22   142   35   535   162   589   365   303   950   500   603   590   216   133   
980   387   144   411   1131   485   1080   74   591   511   918   1145   547   1001   373   1017   322   351   1028   0   674   98   1206   339   139   1155   375   50   562   186   1080   0   748   304   448   1155   1050   1154   364   913   14   19   1102   92   1032   355   1125   1057   1638   19   331   483   1099   337   611   536   297   128   401   165   503   42   436   397   532   226   30   132   124   134   365   345   1119   911   543   460   120   1083   193   129   1046   555   182   502   41   973   25   1129   127   12   151   138   426   333   207   175   684   384   1205   986   1240   195   157   97   537   198   423   96   1059   649   658   181   354   539   982   160   600   0   900   650   535   145   65   45   1090   41   544   288   1007   235   1000   1068   230   459   251   324   292   13   1163   583   433   172   152   589   1038   106   85   609   1696   990   221   650   236   27   231   457   781   626   1066   985   481   148   293   16   177   324   1240   123   112   190   470   181   615   217   562   417   18   347   35   102   211   98   371   670   344   355   49   1013   569   742   680   485   389   325   1001   102   392   754   18   1013   
304   165   387   553   594   237   1006   1027   75   460   167   847   135   1101   351   293   555   210   458   522   91   190   1189   176   1080   133   365   285   408   116   434   748   0   216   907   428   219   503   22   1154   835   528   151   15   503   908   303   409   718   1086   1063   219   225   1   68   479   487   1106   210   569   92   1094   90   1156   167   565   1129   714   997   66   94   372   136   550   142   216   288   52   172   127   143   48   518   108   150   653   544   472   111   368   1153   134   224   1129   216   532   392   107   200   704   135   1041   596   390   110   776   125   43   304   787   614   688   441   158   315   461   120   412   286   89   545   422   857   169   479   135   498   51   177   681   239   708   292   354   1618   409   461   479   228   800   378   435   919   1264   1188   51   1086   437   694   67   199   225   271   121   74   994   451   217   617   1079   115   440   144   692   744   0   116   70   476   481   48   164   191   117   764   621   132   64   63   159   882   406   426   280   852   1206   656   132   338   1067   247   216   1088   447   315   397   206   1111   1102   221   
