150
0   1087   162   364   926   486   609   174   104   573   398   614   315   197   447   315   737   866   155   126   124   1102   1075   90   624   443   624   1643   128   304   1075   493   211   657   929   0   326   0   23   190   15   153   599   395   219   175   941   152   695   1000   316   181   329   549   362   109   518   162   473   371   312   493   601   165   791   70   1019   148   378   72   18   0   184   102   697   1168   175   318   1045   267   71   332   130   27   787   1750   795   0   71   378   101   118   61   1022   591   48   138   110   1026   290   987   132   518   45   496   78   38   1044   154   1782   387   764   374   112   170   190   474   82   578   140   175   17   310   136   116   996   133   24   799   546   90   516   1034   1596   119   92   104   282   605   1102   138   177   752   1174   108   292   80   1074   1151   736   
1087   0   19   168   685   688   791   27   643   900   497   319   1250   661   107   239   523   440   1028   417   172   79   136   141   505   123   1831   425   337   1174   158   1129   1258   1004   1085   34   241   316   1080   1150   1097   273   734   17   1102   487   16   530   615   159   402   950   77   893   205   84   1013   269   132   225   349   163   31   137   1136   789   331   71   441   1093   608   0   301   990   1200   420   576   625   407   438   286   112   1143   124   1049   41   558   59   112   496   54   503   1130   145   574   6   156   101   378   54   1206   21   479   427   548   916   322   1113   237   171   746   878   67   82   330   539   348   677   1191   728   114   474   158   165   11   860   650   1196   1025   118   351   786   129   328   1527   152   140   225   329   151   1084   100   226   14   516   283   1204   456   220   77   
162   19   0   433   103   88   162   316   392   231   451   158   1765   122   317   98   459   66   528   624   349   1004   546   55   172   459   118   671   190   832   645   1164   471   1197   350   138   1618   598   571   1168   1035   211   102   292   322   82   182   143   523   886   435   582   390   1087   0   141   99   145   800   319   1099   665   26   438   136   481   1018   88   381   1189   1031   976   1088   159   165   1021   155   363   165   223   484   792   443   576   678   1061   171   66   700   447   1135   598   308   186   1724   341   158   394   1030   0   1073   752   525   472   1114   524   645   619   193   553   563   409   552   511   38   363   986   235   718   446   504   151   263   346   329   166   719   599   655   225   57   46   302   173   421   0   102   1162   371   128   524   421   13   1090   459   573   364   48   130   1120   
364   168   433   0   9   975   1007   553   311   1208   401   558   333   297   557   473   522   937   475   780   1065   116   122   931   48   1159   150   1130   1042   1156   172   45   86   322   124   1120   640   550   645   216   1062   981   723   866   724   1088   292   1073   220   51   680   566   61   754   505   1108   125   176   1024   50   486   1098   0   339   404   154   1180   1809   370   402   927   611   640   190   682   352   540   420   1122   228   135   462   172   501   1806   1834   15   19   240   546   214   940   470   380   474   783   575   667   1002   99   515   31   587   158   147   537   87   1170   395   439   21   1646   308   285   166   360   150   145   524   1051   910   397   95   116   1527   292   537   554   177   1195   152   436   185   334   1   164   1047   380   334   1809   164   556   1834   272   1146   6   688   1207   977   53   
926   685   103   9   0   424   1159   869   1162   267   321   315   235   437   582   85   190   361   859   846   0   360   1239   341   376   433   372   383   1187   409   222   308   660   1028   686   347   184   611   120   44   27   446   521   278   135   231   398   1137   561   12   194   630   193   389   132   864   812   639   941   93   1128   569   554   982   846   131   135   28   1086   142   546   181   554   135   167   789   472   481   250   1146   368   63   573   56   149   409   1075   740   32   163   1006   947   487   770   315   1013   345   1056   90   85   1038   116   1710   107   490   938   539   108   38   90   302   1016   169   442   132   674   213   216   1721   673   157   554   68   389   216   1170   1154   591   191   1036   1058   312   370   652   519   1066   1002   25   305   383   631   1738   1155   424   92   1102   265   173   813   397   
486   688   88   975   424   0   439   1119   147   667   650   510   424   27   297   1041   316   13   1078   131   195   781   428   164   453   154   18   101   1113   932   150   123   224   562   1104   144   123   1266   17   19   1145   295   532   100   110   1153   103   506   223   42   1021   569   202   1048   519   364   235   73   358   400   96   1036   277   273   1679   142   365   728   133   581   37   388   409   48   553   162   519   490   321   128   345   569   337   135   117   557   487   216   1143   0   434   423   340   146   617   345   337   1107   440   446   67   742   271   1149   523   119   1061   217   514   121   1169   145   46   93   85   1179   6   172   550   594   304   433   149   72   742   334   460   332   502   438   175   1027   135   142   28   965   163   1102   503   321   1024   1118   21   451   12   225   108   1061   1090   1700   
609   791   162   1007   1159   439   0   113   973   615   340   615   15   1116   1079   401   989   160   382   507   748   172   973   99   57   487   315   119   166   880   37   224   549   303   482   190   584   304   1086   1018   51   486   154   121   508   1045   145   1676   380   739   140   165   365   331   138   1154   98   333   638   913   0   157   973   359   85   960   300   108   406   387   239   139   1189   922   1163   1765   331   474   16   1156   328   177   718   461   784   555   1001   658   383   135   517   331   281   516   1124   433   66   170   322   129   225   387   1025   645   740   149   129   172   589   380   976   241   438   669   126   966   519   53   525   650   748   1007   396   587   605   523   420   474   21   643   1056   528   1016   302   1214   1017   1168   72   312   540   25   461   51   390   12   272   337   153   541   60   
174   27   316   553   869   1119   113   0   312   196   101   628   155   464   618   494   207   142   35   419   139   219   764   691   470   1114   308   90   92   686   553   0   30   767   320   220   859   783   142   1074   512   299   664   272   1050   532   1153   97   48   322   130   1246   334   137   1179   192   1067   347   1783   521   163   67   758   313   177   159   91   574   1201   14   60   25   193   1129   919   35   174   363   94   1033   378   92   67   1172   275   598   159   111   1027   159   1015   568   1054   145   119   1057   53   787   381   260   206   38   378   421   518   370   23   324   689   148   344   787   483   436   217   1039   44   132   458   118   496   100   1018   200   1039   981   240   1021   199   353   126   458   136   179   441   544   1080   1705   441   160   859   1022   145   134   223   1174   552   378   70   138   
104   643   392   311   1162   147   973   312   0   748   176   619   1012   12   177   1782   537   318   442   330   132   198   151   1105   866   1783   742   319   1076   796   1122   706   472   1107   829   337   516   624   1095   1073   531   312   98   36   145   558   317   771   101   394   386   1120   1098   766   600   350   1079   513   137   16   591   480   9   1596   482   910   910   557   162   840   90   0   1073   553   1034   910   259   1144   640   209   474   306   1009   427   13   527   136   575   1110   390   18   136   608   124   310   410   1194   23   165   75   187   511   587   290   558   455   461   1001   652   212   818   307   1104   486   316   6   1190   490   419   384   155   1080   217   1657   143   980   1033   83   695   0   82   389   158   5   168   3   766   539   307   555   328   696   209   340   423   436   112   1030   64   1075   
573   900   231   1208   267   667   615   196   748   0   174   701   102   66   308   109   1749   186   325   67   167   681   403   1131   257   277   1149   102   463   211   441   389   74   364   389   521   1036   245   172   530   178   117   35   0   25   168   127   560   519   795   201   1120   122   621   41   384   118   534   492   530   981   154   480   82   714   386   163   229   470   31   1001   151   611   181   240   1776   787   520   50   50   702   496   332   636   90   23   1102   118   216   1050   307   519   605   159   241   826   224   399   0   367   1066   1105   1043   437   100   103   119   537   343   55   594   400   126   272   1001   54   13   217   538   333   112   550   101   447   226   98   515   1047   420   1108   881   1007   388   165   140   542   157   470   1030   1643   1131   464   102   78   525   967   472   404   1041   44   
398   497   451   401   321   650   340   101   176   174   0   135   179   37   588   41   46   187   30   1646   553   1060   718   1073   740   547   1048   56   1140   992   313   0   359   1220   23   134   145   1012   36   1543   983   1024   362   952   408   419   30   178   13   167   412   211   167   1094   440   230   1129   176   1025   326   148   584   114   954   799   193   621   482   478   206   556   366   159   455   332   27   72   1073   197   548   330   123   123   373   117   947   713   135   519   171   589   653   391   527   37   716   363   400   164   562   351   20   282   764   443   523   0   370   1834   159   96   0   211   913   164   1038   902   418   1039   109   146   148   1066   78   174   213   490   453   1710   521   255   1074   630   1064   596   380   647   0   0   170   777   74   1016   216   480   483   1028   1112   84   110   
614   319   158   558   315   510   615   628   619   701   135   0   1144   159   220   126   10   159   1162   379   82   99   195   328   178   24   22   123   57   401   1024   263   384   185   550   546   163   220   1001   941   133   533   514   283   173   4   700   348   550   503   0   316   287   394   1143   1725   318   440   424   173   32   80   1067   32   1150   160   156   234   12   112   463   1240   186   527   1102   404   413   395   275   755   596   167   419   1106   984   405   143   740   587   202   618   612   69   24   406   311   173   1200   274   181   1161   298   366   424   631   652   95   437   382   1073   336   576   980   266   342   808   519   549   52   152   608   24   416   1736   554   521   652   1592   1269   1130   389   161   115   415   1596   290   1189   683   0   228   287   446   92   1086   375   951   367   742   216   651   
315   1250   1765   333   235   424   15   155   1012   102   179   1144   0   52   800   681   333   78   522   16   102   71   743   116   455   89   13   555   691   1618   1188   1173   1021   1129   29   345   1170   89   157   131   123   486   430   1705   566   591   52   72   369   135   390   511   1106   532   522   972   136   954   149   171   419   127   332   590   475   511   1074   1110   82   1016   171   71   489   612   142   125   305   330   874   1025   1114   279   156   1059   132   1128   201   417   8   1009   433   1001   1090   1021   371   1048   168   1098   364   407   135   503   135   124   175   599   320   213   0   1105   131   147   1165   1101   106   428   18   682   38   49   136   145   50   789   55   497   422   419   84   205   609   228   639   851   503   1045   222   542   122   1251   451   518   117   795   1028   496   184   315   552   686   
197   661   122   297   437   27   1116   464   12   66   37   159   52   0   228   1156   361   338   577   261   511   206   115   144   163   502   473   1155   932   301   287   224   1028   487   908   548   736   514   198   695   689   112   146   1149   445   1596   1167   664   554   562   947   550   1126   251   537   158   666   812   113   1019   87   0   397   497   380   373   1146   205   477   436   384   98   175   175   123   173   119   1047   145   77   969   1048   304   56   387   1120   153   789   200   417   1066   1027   438   621   200   999   143   141   421   1016   135   1019   87   449   587   190   1061   776   102   552   594   122   384   383   144   570   1093   1034   501   367   437   9   20   913   446   535   18   372   1   1115   672   1201   419   571   591   1104   1017   124   122   557   524   160   125   160   413   478   298   781   352   716   
447   107   317   557   582   297   1079   618   177   308   588   220   800   228   0   24   1120   152   290   587   1187   702   135   436   748   1105   461   332   437   107   562   91   248   830   554   296   1000   8   369   120   464   135   18   678   42   203   157   409   241   353   152   175   16   8   117   151   990   127   97   431   75   297   532   101   21   25   487   440   880   968   175   998   1088   162   540   53   562   419   421   521   373   17   755   146   147   20   588   139   1051   639   161   166   1643   1153   677   1230   906   239   460   1009   344   1065   598   316   1008   1093   900   44   152   1099   549   102   106   31   112   0   1142   96   1035   400   304   174   546   924   1029   103   555   342   549   1527   933   429   1613   458   575   1150   90   127   428   255   612   208   1114   646   146   1226   602   499   1053   527   
315   239   98   473   85   1041   401   494   1782   109   41   126   681   1156   24   0   439   538   441   378   1140   1026   131   1024   971   1001   108   1221   1031   1243   1028   598   154   115   327   472   351   935   564   465   500   146   92   1072   17   511   1135   163   141   1078   139   300   1092   1130   334   1189   80   506   521   89   153   1137   713   388   664   748   1061   388   330   566   487   82   438   1172   59   551   23   74   611   487   643   98   393   728   106   852   1101   520   440   728   22   1178   195   1118   1090   516   1000   1066   806   1031   390   189   149   57   371   1660   104   20   883   1153   910   593   1005   457   409   998   382   133   308   767   546   226   120   1809   0   604   84   25   21   970   532   1004   572   1220   1073   189   145   14   168   483   525   621   24   133   326   673   250   113   1001   552   
737   523   459   522   190   316   989   207   537   1749   46   10   333   361   1120   439   0   202   1024   992   597   767   100   512   929   400   566   1026   529   322   50   486   1012   1112   93   999   1168   53   100   555   345   646   161   23   502   1161   210   81   156   492   119   1051   1206   314   212   800   60   431   582   206   155   910   46   1122   532   95   230   181   1207   409   1009   496   124   357   152   1022   1035   1230   562   505   1592   908   122   240   160   293   1046   350   815   127   882   315   1130   598   85   161   16   322   35   601   290   71   167   1024   190   17   365   31   670   419   467   481   21   1072   387   1078   537   882   406   136   407   1061   436   671   867   143   497   1776   909   519   53   375   591   599   597   356   1176   146   366   19   18   419   116   603   432   113   600   968   1010   770   
866   440   66   937   361   13   160   142   318   186   187   159   78   338   152   538   202   0   114   33   791   1011   181   189   891   136   49   929   670   1000   1072   566   615   1216   1643   363   1124   784   740   491   902   63   601   585   577   795   477   670   47   71   89   442   387   621   114   430   612   945   438   430   323   926   1047   319   179   977   1042   561   13   141   1179   443   651   674   168   758   460   1053   168   151   0   99   1052   557   803   904   420   532   995   817   1222   134   527   591   1106   494   117   112   350   935   156   1189   396   133   187   165   465   552   25   418   591   193   116   434   474   534   669   169   764   414   454   18   1132   438   638   240   122   423   422   25   1206   710   1052   535   64   715   1124   897   1097   471   80   1080   639   497   249   175   36   131   241   80   
155   1028   528   475   859   1078   382   35   442   325   30   1162   522   577   290   441   1024   114   0   143   459   740   864   437   514   255   329   61   985   1209   350   261   407   326   308   654   389   1230   1170   18   64   135   564   713   334   456   101   840   729   1044   812   973   115   634   1114   134   1004   739   979   35   551   575   190   81   186   135   996   466   1027   938   216   586   456   1061   412   26   347   422   509   102   30   641   115   1037   481   290   220   1032   1052   50   328   370   642   1098   167   212   147   557   221   182   1106   1076   346   117   184   951   669   308   1027   38   155   116   1081   1093   1049   23   392   119   222   387   529   625   1006   417   938   419   38   310   127   133   689   317   384   455   539   1086   947   1102   320   218   120   106   592   781   1066   33   557   189   152   205   
126   417   624   780   846   131   507   419   330   67   1646   379   16   261   587   378   992   33   143   0   158   159   590   147   638   911   381   358   22   548   137   25   957   13   242   139   372   8   548   422   569   308   15   400   125   247   1115   187   531   531   146   132   230   1080   509   332   766   569   336   55   13   1142   382   31   450   98   1154   72   29   140   206   133   387   841   1202   121   922   685   422   39   110   1028   242   540   559   277   344   49   156   13   742   140   519   380   69   532   134   255   62   74   149   1010   677   226   18   1185   915   1110   1001   119   1025   625   287   240   771   393   560   84   922   79   652   598   736   504   347   523   1230   6   563   1099   1011   413   431   494   389   670   954   927   624   532   1138   1646   182   286   89   46   719   968   178   1110   
124   172   349   1065   0   195   748   139   132   167   553   82   102   511   1187   1140   597   791   459   158   0   1222   328   910   721   63   423   1253   25   0   294   311   127   138   55   1049   179   760   447   60   751   1130   320   436   609   568   170   312   569   158   504   127   203   597   355   557   427   96   185   140   165   95   32   942   702   921   31   82   1080   405   996   750   653   15   712   417   18   587   972   1087   81   20   308   322   193   71   1   1750   490   111   402   96   151   247   471   67   150   1240   521   75   326   1024   116   477   376   990   163   438   304   481   223   770   217   76   62   556   1237   171   13   131   153   531   1118   130   123   179   23   133   295   4   107   1075   499   212   1706   380   458   131   81   339   0   508   100   740   383   866   433   85   143   383   
1102   79   1004   116   360   781   172   219   198   681   1060   99   71   206   702   1026   767   1011   740   159   1222   0   740   115   162   644   674   132   0   13   471   57   402   522   1189   1104   128   164   261   708   24   469   64   750   382   277   70   989   534   107   406   137   377   1170   82   573   376   1205   615   556   82   362   642   1012   159   108   207   0   1145   569   527   247   553   1208   852   716   241   1084   397   145   423   1648   516   806   623   165   128   241   456   450   479   383   460   122   313   372   480   1114   519   163   398   157   210   1145   580   1758   171   552   323   196   280   1142   355   455   772   48   846   66   280   1207   115   225   1118   557   20   559   1101   96   1081   304   456   1033   443   75   718   1080   594   423   296   529   1108   428   167   1167   163   14   1041   374   733   321   
1075   136   546   122   1239   428   973   764   151   403   718   195   743   115   135   131   100   181   864   590   328   740   0   695   435   116   93   528   177   198   578   1237   1060   16   910   1129   671   216   1080   407   133   14   159   919   436   384   44   157   1192   976   832   42   926   552   167   115   141   61   362   1079   1724   1162   1090   1003   142   116   145   437   164   318   1076   910   100   50   138   1159   384   35   1048   75   1145   497   1211   172   49   313   114   401   549   304   721   594   101   329   667   330   84   659   91   129   211   370   411   62   650   973   236   380   187   130   1809   1084   1045   605   110   0   1088   108   6   240   950   1781   10   1049   19   497   286   328   1119   144   121   990   8   275   220   123   400   694   748   57   624   534   685   465   253   540   265   391   172   372   
90   141   55   931   341   164   99   691   1105   1131   1073   328   116   144   436   1024   512   189   437   147   910   115   695   0   435   640   134   1207   302   157   226   54   307   163   0   416   354   479   36   1809   1129   694   1022   923   1130   1012   559   34   835   47   1021   502   467   86   462   87   47   588   792   1216   618   271   123   451   184   621   810   75   182   501   101   175   987   89   132   603   580   44   427   589   150   335   1079   565   686   427   134   148   79   344   420   86   498   423   250   1006   989   163   435   128   211   400   500   801   328   500   393   237   350   13   1018   1776   544   253   619   90   23   121   1028   1110   1073   1191   437   457   135   1240   324   497   757   91   128   1253   377   397   1052   597   596   130   516   24   374   1643   817   1143   391   1126   86   1185   363   701   
624   505   172   48   376   453   57   470   866   257   740   178   455   163   748   971   929   891   514   638   721   162   435   435   0   227   1066   313   500   13   530   380   652   1776   149   482   891   528   175   1728   365   1028   248   1073   69   101   95   1750   395   661   341   598   417   1114   459   1104   173   196   21   963   114   550   1646   532   1073   1128   1104   12   255   577   164   427   98   1020   891   286   96   77   92   147   85   531   1   176   350   153   411   503   88   770   172   96   596   519   867   86   358   239   363   686   480   235   172   454   542   462   145   588   141   304   238   461   387   114   54   624   239   511   374   1068   161   72   189   1038   427   328   1125   957   44   1028   304   129   3   313   228   964   938   508   99   1146   124   19   155   216   681   585   1053   364   130   549   
443   123   459   1159   433   154   487   1114   1783   277   547   24   89   502   1105   1001   400   136   255   911   63   644   116   640   227   0   14   410   19   225   181   455   147   64   122   1613   144   23   14   544   345   787   71   1264   1001   608   79   1113   554   1129   1206   142   1087   272   380   583   1167   0   560   126   1223   187   1206   1253   660   264   638   676   37   746   66   435   1267   355   1057   1230   400   1194   1197   160   98   473   1165   226   825   495   192   511   1172   459   423   551   95   14   357   42   95   1020   19   645   17   861   185   364   1155   165   50   90   643   560   356   510   38   609   1189   57   874   257   750   243   192   1152   126   1067   170   1660   382   87   941   17   130   50   388   681   1046   394   379   1105   102   112   355   223   163   359   387   1117   577   22   626   674   
624   1831   118   150   372   18   315   308   742   1149   1048   22   13   473   461   108   566   49   329   381   423   674   93   134   1066   14   0   651   22   283   1749   1093   298   454   159   594   430   1028   585   1015   1239   120   1111   551   524   1047   1207   93   12   110   438   212   44   63   134   1114   683   223   140   378   118   720   67   534   969   456   976   598   322   92   176   106   162   52   1141   462   989   458   51   400   216   81   206   1009   1004   132   119   456   565   92   217   195   155   575   79   360   1043   455   402   569   954   1808   841   216   129   441   191   589   92   292   1100   215   554   41   175   987   555   1138   355   992   200   290   96   52   97   100   1000   946   101   446   104   129   433   443   133   211   36   364   1159   1004   147   98   522   43   778   1018   419   568   331   13   
1643   425   671   1130   383   101   119   90   319   102   56   123   555   1155   332   1221   1026   929   61   358   1253   132   528   1207   313   410   651   0   328   280   1196   454   329   156   972   681   1140   1014   904   88   126   191   799   127   330   1155   163   778   277   1167   1031   185   904   495   255   81   528   377   942   167   131   1059   316   398   137   277   1023   9   398   98   89   225   498   746   506   1206   505   918   191   135   1084   400   817   404   546   1066   729   167   198   419   1085   293   122   1751   812   422   20   924   39   400   583   119   306   159   471   145   354   1039   422   1214   605   827   286   304   1176   614   521   670   135   1094   748   1100   1048   324   524   1103   348   364   77   140   388   101   1197   1009   322   965   435   405   531   177   334   32   239   313   211   682   1146   74   1001   119   
128   337   190   1042   1187   1113   166   92   1076   463   1140   57   691   932   437   1031   529   670   985   22   25   0   177   302   500   19   22   328   0   82   87   554   119   383   736   1008   1129   1008   0   147   466   122   128   1080   61   313   486   309   919   91   1111   135   1114   619   526   111   1004   519   1172   81   922   1069   1216   847   174   473   114   120   1113   1130   472   104   35   240   1114   55   315   477   1029   734   164   384   287   483   179   204   145   27   172   51   1113   428   86   234   64   608   682   100   198   716   599   1111   144   1195   179   163   1046   1068   485   594   1001   591   436   714   461   1162   78   764   462   82   348   813   1013   545   37   82   220   375   593   166   286   796   271   44   115   195   456   206   52   386   1216   110   18   1102   549   538   477   88   375   582   
304   1174   832   1156   409   932   880   686   796   211   992   401   1618   301   107   1243   322   1000   1209   548   0   13   198   157   13   225   283   280   82   0   433   406   998   145   990   363   437   530   636   60   1020   15   647   517   228   153   712   378   529   257   123   173   452   730   226   1803   496   139   1238   446   249   200   62   12   311   384   28   1000   534   527   1079   1211   263   538   1110   400   50   324   67   780   652   754   383   478   145   1724   661   323   107   163   108   1108   624   598   144   1140   555   75   147   793   369   652   1119   178   525   527   373   755   35   1181   1108   479   718   321   966   134   381   1803   164   70   314   154   361   652   14   175   151   806   72   909   1140   98   15   1080   168   292   274   1191   302   571   710   1116   78   154   1013   92   216   378   33   1194   
1075   158   645   172   222   150   37   553   1122   441   313   1024   1188   287   562   1028   50   1072   350   137   294   471   578   226   530   181   1749   1196   87   433   0   386   81   306   347   344   48   657   1237   112   273   145   493   158   144   270   503   1173   527   165   168   131   419   378   522   308   303   298   1139   1136   1145   623   608   1075   185   220   0   1102   442   70   698   380   12   425   160   1153   1139   382   98   280   546   133   127   1170   1648   552   119   121   145   71   562   1053   428   400   1010   128   166   559   405   807   522   82   1067   515   134   1660   174   644   980   303   304   807   901   671   175   1128   386   1145   1162   74   280   144   96   447   272   204   701   292   650   272   1022   534   309   1132   569   791   783   94   1026   461   690   725   224   554   1017   152   990   182   129   672   
493   1129   1164   45   308   123   224   0   706   389   0   263   1173   224   91   598   486   566   261   25   311   57   1237   54   380   455   1093   454   554   406   386   0   112   302   723   1032   904   1061   327   437   218   138   401   477   225   460   679   118   397   1073   128   114   554   35   19   454   444   1527   587   1266   496   133   22   439   123   139   696   529   971   142   384   129   5   151   142   453   139   212   126   74   1170   110   387   55   3   1093   303   983   385   230   360   461   133   553   907   542   387   101   349   295   317   96   95   8   175   492   24   1016   323   1103   255   407   82   1701   1122   435   678   17   113   538   334   531   157   318   1102   408   18   477   152   523   159   75   469   55   389   632   296   777   193   126   255   138   292   778   494   132   1698   108   61   820   
211   1258   471   86   660   224   549   30   472   74   359   384   1021   1028   248   154   1012   615   407   957   127   402   1060   307   652   147   298   329   119   998   81   112   0   950   1026   14   14   324   62   118   537   964   1128   846   9   795   1205   464   851   646   71   1221   397   608   132   646   171   135   126   150   490   588   340   86   1119   379   96   106   178   527   710   318   323   566   302   810   739   1143   687   428   28   846   92   16   100   0   347   347   549   317   171   131   997   140   895   333   1093   312   967   845   721   448   485   565   255   418   279   521   362   226   151   519   231   52   315   394   394   864   742   1174   800   504   680   671   1132   0   523   361   407   450   228   61   175   1086   276   383   102   1116   521   103   1076   639   317   311   169   154   664   503   1202   499   
657   1004   1197   322   1028   562   303   767   1107   364   1220   185   1129   487   830   115   1112   1216   326   13   138   522   16   163   1776   64   454   156   383   145   306   302   950   0   688   140   377   954   96   364   51   621   132   60   956   327   568   1096   63   417   1181   150   941   190   1758   1043   67   981   255   1696   21   916   1044   568   1086   556   276   400   434   326   346   575   509   1067   221   461   1087   1181   115   151   815   135   601   306   263   487   19   645   475   403   163   552   119   1117   69   519   209   521   1078   166   1120   917   436   1077   782   349   242   621   789   145   854   757   168   152   461   171   174   87   956   477   487   806   135   1736   1023   360   83   145   71   568   277   128   315   441   1154   1094   1127   1037   562   827   272   1143   384   135   947   255   41   1150   239   694   
929   1085   350   124   686   1104   482   320   829   389   23   550   29   908   554   327   93   1643   308   242   55   1189   910   0   149   122   159   972   736   990   347   723   1026   688   0   564   1141   1145   322   511   688   222   74   240   513   532   461   255   880   17   643   392   310   186   436   1074   31   519   86   0   188   548   1176   761   412   167   664   1075   473   136   19   81   204   455   88   136   990   661   70   417   67   1204   23   442   211   89   1110   167   573   119   116   1144   1113   304   9   1048   784   125   548   422   44   382   1776   410   897   1066   406   334   419   347   1086   460   591   536   37   473   781   687   142   248   1135   119   1189   1061   38   383   297   240   409   454   527   1144   1061   322   459   44   524   86   411   156   292   392   937   320   974   511   507   419   165   582   
0   34   138   1120   347   144   190   220   337   521   134   546   345   548   296   472   999   363   654   139   1049   1104   1129   416   482   1613   594   681   1008   363   344   1032   14   140   564   0   334   127   1009   112   204   15   976   165   135   1725   130   490   182   21   657   1067   615   200   594   408   52   370   21   226   557   608   167   162   1237   482   1146   652   178   346   473   23   1075   428   53   172   27   1129   75   100   1016   131   370   549   362   762   147   1146   852   624   1196   127   428   190   92   455   239   562   217   1237   338   135   82   1144   751   525   1129   588   220   657   772   172   370   927   337   433   122   1026   316   446   1073   1676   334   359   1092   373   326   1047   96   772   1111   487   186   473   454   1040   980   1158   369   563   9   36   92   652   107   721   281   1007   327   120   
326   241   1618   640   184   123   584   859   516   1036   145   163   1170   736   1000   351   1168   1124   389   372   179   128   671   354   891   144   430   1140   1129   437   48   904   14   377   1141   334   0   129   300   446   109   537   157   661   1039   856   691   552   746   418   384   50   92   645   101   166   321   430   367   159   326   499   473   1119   596   453   705   455   464   1093   271   0   568   1084   1139   172   172   58   257   573   1128   909   98   52   66   327   1049   1187   990   975   465   966   463   128   533   979   962   1103   361   570   122   691   364   1019   151   53   211   157   927   671   82   534   522   1210   322   317   740   27   1781   138   0   679   1037   420   617   260   223   113   972   186   1209   590   501   137   423   998   535   459   530   167   927   453   213   257   128   595   88   995   548   690   
0   316   598   550   611   1266   304   783   624   245   1012   220   89   514   8   935   53   784   1230   8   760   164   216   479   528   23   1028   1014   1008   530   657   1061   324   954   1145   127   129   0   407   313   564   356   492   104   778   149   560   593   106   181   481   562   152   191   147   523   379   590   360   380   484   526   1226   645   321   898   652   150   789   21   327   78   205   86   86   487   183   511   383   528   113   536   495   423   1001   407   330   222   120   436   584   457   124   1006   13   1086   82   241   17   575   420   562   538   313   87   985   417   1085   482   575   409   221   426   175   612   472   1082   76   997   678   932   528   225   985   5   587   431   191   216   1030   320   407   129   249   74   216   101   999   390   55   304   1094   588   459   106   421   1105   1090   555   77   
23   1080   571   645   120   17   1086   142   1095   172   36   1001   157   198   369   564   100   740   1170   548   447   261   1080   36   175   14   585   904   0   636   1237   327   62   96   322   1009   300   407   0   547   404   407   1080   459   58   1119   181   423   512   842   136   500   165   45   134   94   554   355   14   1732   1175   205   1167   758   469   618   707   37   137   608   93   467   369   978   1048   578   5   866   387   205   316   1126   505   326   554   202   682   380   197   179   159   712   356   457   1182   618   646   1013   307   911   692   409   1059   36   523   383   514   1643   667   549   976   1189   177   76   467   363   1110   128   203   594   170   937   231   1102   430   305   47   164   145   1169   990   699   658   324   75   81   950   468   406   436   1174   332   1212   391   112   271   250   487   1172   433   
190   1150   1168   216   44   19   1018   1074   1073   530   1543   941   131   695   120   465   555   491   18   422   60   708   407   1809   1728   544   1015   88   147   60   112   437   118   364   511   112   446   313   547   0   1144   149   56   142   535   107   149   438   935   38   1026   138   87   80   273   1140   551   1102   1095   585   436   544   1783   321   372   192   460   88   183   90   1179   484   399   581   387   101   312   135   366   423   99   983   422   366   807   103   34   405   143   686   1113   970   422   101   66   970   1776   225   109   68   476   96   159   1201   680   926   658   1017   313   113   323   201   878   447   52   426   1061   1184   61   217   309   350   298   56   280   517   139   149   404   569   85   159   130   487   487   385   461   1101   110   108   584   1001   1207   457   505   1080   324   1073   437   223   
15   1097   1035   1062   27   1145   51   512   531   178   983   133   123   689   464   500   345   902   64   569   751   24   133   1129   365   345   1239   126   466   1020   273   218   537   51   688   204   109   564   404   1144   0   93   463   74   827   13   119   923   240   1026   18   1162   1103   53   313   585   817   718   1801   661   106   217   118   447   273   322   1119   88   132   1184   1122   126   611   14   432   355   1098   978   126   160   14   228   667   327   623   145   280   932   119   585   671   1122   1102   545   17   9   157   260   225   1140   142   316   162   241   581   349   697   1044   339   1204   1006   1120   562   366   599   143   314   146   153   307   1264   0   518   67   316   313   504   8   1182   163   463   651   312   1130   1755   75   210   131   978   1053   463   149   683   226   682   1026   481   93   324   296   
153   273   211   981   446   295   486   299   312   117   1024   533   486   112   135   146   646   63   135   308   1130   469   14   694   1028   787   120   191   122   15   145   138   964   621   222   15   537   356   407   149   93   0   989   1176   1031   223   1122   504   1250   90   430   1162   1   417   637   595   460   396   1004   106   395   167   103   354   83   528   394   53   1104   1049   471   143   271   690   374   669   23   46   497   1172   143   108   419   211   18   519   109   126   370   640   438   932   539   581   470   594   1144   319   529   40   558   714   69   391   192   123   718   104   6   221   140   460   1119   719   190   174   1031   215   350   416   758   104   81   137   431   204   168   397   39   332   550   216   1688   590   163   344   1023   744   696   646   115   460   25   335   1100   257   596   431   19   90   
599   734   102   723   521   532   154   664   98   35   362   514   430   146   18   92   161   601   564   15   320   64   159   1022   248   71   1111   799   128   647   493   401   1128   132   74   976   157   492   1080   56   463   989   0   546   1194   466   62   366   290   910   90   269   546   546   414   103   1204   304   138   206   637   534   67   35   1105   130   430   14   569   166   1001   336   19   117   1024   102   63   1207   1079   1146   1196   655   1140   163   487   34   90   336   1064   174   516   721   10   487   389   91   727   1132   1045   464   1103   625   90   223   397   178   222   123   415   13   190   743   333   55   0   223   360   19   1158   1202   698   36   519   580   36   1110   535   48   257   213   923   112   968   134   560   399   393   1132   115   106   304   144   421   334   1153   568   715   401   980   530   
395   17   292   866   278   100   121   272   36   0   952   283   1705   1149   678   1072   23   585   713   400   436   750   919   923   1073   1264   551   127   1080   517   158   477   846   60   240   165   661   104   459   142   74   1176   546   0   695   31   102   30   617   419   654   255   1038   971   303   633   236   68   576   72   145   328   247   228   701   1155   413   366   38   195   13   1781   1188   72   536   180   313   130   570   64   640   99   897   283   1110   1079   576   1125   92   397   735   124   1017   1082   37   1022   172   1042   677   154   691   572   585   387   154   628   183   67   632   1801   447   1116   549   757   157   535   514   587   107   22   86   678   436   536   713   21   623   28   577   1048   0   1048   589   1116   1046   227   226   718   384   117   52   163   1114   1073   617   1061   326   1205   67   163   
