100
0   1048   1068   957   385   1083   419   381   203   474   591   150   432   218   151   98   343   72   1758   30   189   194   719   1181   195   275   133   519   399   195   640   49   91   1206   120   555   14   1204   136   473   1706   146   570   175   1052   598   458   1697   907   146   1122   591   441   190   690   96   168   173   224   521   1046   1084   352   549   608   108   761   716   283   897   124   436   109   637   446   313   251   145   535   6   1116   557   395   544   1174   50   609   608   321   315   149   1021   374   0   0   14   446   142   1084   181   
1048   0   84   409   646   314   135   136   1004   637   320   131   754   504   678   1086   0   73   226   433   603   133   70   115   41   44   451   1059   269   153   1080   54   108   910   389   540   1065   176   15   14   503   136   128   112   128   280   342   374   721   700   322   136   90   694   388   87   226   1028   440   1176   555   487   1044   270   277   333   1646   562   728   95   320   0   544   36   910   255   156   624   472   435   167   723   456   157   159   1122   337   75   0   127   337   1090   220   1808   433   404   263   1725   402   272   
1068   84   0   740   375   25   171   5   32   471   71   643   385   72   132   164   670   1043   13   1033   569   374   118   142   373   1011   1098   283   640   355   544   255   49   207   221   927   366   502   1110   74   1172   484   374   100   0   971   989   372   82   1175   657   1077   344   126   66   0   466   98   1114   453   394   129   118   979   322   373   1076   44   1206   198   57   311   374   371   408   116   1165   552   87   593   538   320   1122   969   532   1146   286   447   700   132   774   242   570   140   152   387   375   1061   906   324   
957   409   740   0   1073   7   28   80   1237   212   271   190   296   569   179   434   1698   994   154   519   451   92   154   147   181   521   1095   417   122   1065   484   477   0   266   594   14   226   494   72   590   0   1039   37   166   528   13   175   209   972   91   89   386   111   147   208   441   985   60   812   313   569   381   181   31   632   191   41   553   55   598   1727   562   695   152   473   874   92   153   436   676   295   847   271   203   375   238   1119   438   317   75   405   178   1   519   99   149   439   582   581   1016   
385   646   375   1073   0   520   459   238   286   141   810   724   32   1022   1096   69   122   303   150   781   311   900   142   1024   781   1031   1279   178   166   1205   418   117   369   494   58   296   1189   56   1124   560   306   226   133   36   183   582   365   510   58   736   85   1660   1128   108   1220   193   140   295   226   1211   347   154   360   112   1048   299   145   1178   159   782   928   140   362   539   1191   391   312   226   1017   327   598   1025   82   150   322   1676   549   140   639   701   433   554   1113   439   135   170   114   275   1062   855   
1083   314   25   7   520   0   260   427   542   1073   31   1237   117   436   541   112   1084   415   147   911   989   665   19   611   348   200   114   90   198   82   217   735   277   609   153   638   771   81   748   1032   1115   1109   115   1112   1020   345   583   1616   95   81   1073   220   1008   800   159   1073   92   309   419   601   949   164   1086   57   14   13   210   98   155   235   394   806   322   554   25   272   150   368   1105   22   138   142   484   1206   157   621   936   657   135   524   187   302   860   1014   327   91   64   387   1074   353   
419   135   171   28   459   260   0   1203   39   226   1063   271   1140   142   1167   597   1046   380   552   77   1208   326   696   112   146   1153   23   1090   650   100   132   140   143   647   376   292   684   502   536   1638   175   750   587   909   155   1187   18   174   387   389   701   182   1165   1072   782   437   949   384   162   92   384   639   74   1700   387   1076   91   1146   101   402   0   37   705   459   77   1068   210   17   1054   92   48   238   114   67   369   508   128   380   101   549   96   403   387   1731   701   382   591   800   46   94   
381   136   5   80   238   427   1203   0   1113   701   679   911   522   453   57   100   534   539   1080   459   952   801   210   690   149   654   911   519   135   354   135   504   874   152   304   938   1170   42   1834   108   127   132   933   1728   15   761   960   271   151   175   227   981   458   1084   368   393   394   1038   374   753   141   41   1146   1023   155   157   195   469   550   345   77   1618   619   860   392   219   405   448   416   371   70   419   1077   365   481   550   117   683   44   544   133   787   1151   73   75   611   229   1114   397   1090   
203   1004   32   1237   286   542   39   1113   0   977   1050   264   1011   168   1131   596   549   438   487   98   159   1189   710   470   98   228   846   119   58   98   152   404   864   1004   915   337   322   625   150   253   50   864   174   306   1057   1154   173   1269   330   386   970   519   0   345   76   119   57   418   466   31   954   615   64   914   25   126   28   558   88   94   967   81   210   336   313   192   127   402   981   165   869   92   165   116   1138   1028   1725   847   551   143   80   0   263   165   1102   542   112   112   113   685   
474   637   471   212   141   1073   226   701   977   0   683   543   1045   1148   657   1062   427   61   133   544   1064   537   77   713   15   241   84   1053   682   112   31   112   494   88   524   149   347   475   167   27   1180   98   519   355   402   147   146   916   570   1148   684   306   8   487   46   1115   80   100   54   373   322   13   391   174   1119   430   64   273   535   116   3   969   75   377   634   290   210   137   162   0   401   103   172   627   115   496   535   202   472   190   806   1088   766   653   588   478   150   435   1200   239   
591   320   71   271   810   31   1063   679   1050   683   0   1179   119   313   126   263   1197   216   573   888   23   1207   646   1006   157   1069   495   50   158   407   86   524   591   72   355   104   231   138   111   151   869   44   505   436   1145   148   174   191   1000   334   120   484   535   23   147   158   32   133   338   564   97   101   1016   116   220   132   414   23   522   550   379   486   210   90   17   10   1097   341   621   815   598   780   264   559   1184   669   177   0   482   819   492   153   159   309   440   106   911   203   1279   1230   
150   131   643   190   724   1237   271   911   264   543   1179   0   72   35   748   1068   783   660   406   924   503   168   13   1119   569   252   218   1050   581   116   212   948   1240   168   88   0   670   1059   1197   286   1117   427   138   434   485   975   111   211   969   137   165   1119   19   15   70   173   438   179   340   77   334   145   36   0   25   183   437   443   1074   178   468   131   1155   457   527   1043   555   611   0   508   109   132   1111   138   923   1024   172   424   250   69   494   112   539   449   221   594   907   142   217   74   
432   754   385   296   32   117   1140   522   1011   1045   119   72   0   723   1141   114   465   554   462   550   969   200   68   492   332   569   126   347   501   1062   512   329   1032   614   1155   807   194   176   380   799   29   36   1188   368   120   394   525   52   622   654   455   1122   521   15   95   1051   678   316   5   540   527   1191   133   81   1141   1048   18   13   532   630   443   1026   216   337   109   799   55   596   826   587   345   318   458   1002   612   1149   1118   323   137   101   163   1034   182   455   1007   104   1198   349   390   6   
218   504   72   569   1022   436   142   453   168   1148   313   35   723   0   373   54   354   15   116   1169   1222   255   891   413   321   153   1048   1054   598   605   743   682   1079   608   440   112   318   544   271   153   1168   442   0   109   832   516   1120   795   1122   1233   1266   70   841   1095   73   873   937   159   1129   87   67   128   14   718   1196   1118   112   1046   517   437   210   156   1174   599   735   1106   328   116   466   466   62   201   992   241   280   1182   142   570   229   71   68   222   1204   1181   354   147   86   973   335   369   
151   678   132   179   1096   541   1167   57   1131   657   126   748   1141   373   0   419   492   153   179   42   388   336   206   477   48   165   313   546   671   55   700   145   712   142   1102   277   165   1172   1140   94   549   319   913   19   500   132   511   302   509   675   167   1178   72   333   96   131   353   983   364   1700   978   630   0   428   1130   104   1017   546   940   219   233   0   933   433   96   556   874   562   121   437   550   400   160   615   1188   1054   316   1113   792   1231   332   1048   76   167   43   45   716   115   464   123   
98   1086   164   434   69   112   597   100   596   1062   263   1068   114   54   419   0   46   120   501   1172   313   62   100   183   255   721   164   799   200   176   179   960   557   131   15   176   516   498   217   133   1726   100   401   57   1176   110   1214   504   640   436   156   271   618   695   1184   155   9   64   115   139   1026   87   62   609   304   520   407   134   311   1112   1196   636   1130   491   197   220   670   1030   146   640   1062   388   225   158   1028   1028   1142   13   13   296   321   362   98   1016   325   151   552   282   929   405   
343   0   670   1698   122   1084   1046   534   549   427   1197   783   465   354   492   46   0   190   39   518   48   1077   1016   100   324   125   923   556   204   349   82   722   113   767   1211   778   712   762   401   373   27   406   458   1001   157   21   517   152   936   568   305   72   886   452   168   652   1168   254   439   92   136   196   145   552   33   295   142   554   487   425   98   1101   0   1279   91   427   464   0   781   54   1100   96   1175   918   72   195   62   44   124   245   264   101   92   352   781   1019   183   13   122   984   
72   73   1043   994   303   415   380   539   438   61   216   660   554   15   153   120   190   0   154   419   328   547   1101   378   86   209   397   1170   1190   1158   146   1100   256   917   367   580   1189   484   5   580   145   498   409   9   196   975   1012   841   220   407   162   827   212   866   1143   150   116   1117   364   92   344   98   228   0   670   77   27   410   524   441   166   359   1047   1037   1131   517   64   367   1222   302   419   210   475   443   670   1067   168   421   354   380   406   718   432   132   1051   106   378   129   118   1214   
1758   226   13   154   150   147   552   1080   487   133   573   406   462   116   179   501   39   154   0   1026   503   150   229   555   89   77   27   379   365   379   276   101   109   225   1187   1776   131   27   360   1206   165   103   595   1188   62   519   570   344   1090   815   457   109   1138   873   27   669   139   518   539   141   399   42   1124   0   130   102   103   78   0   1137   147   502   128   619   225   515   19   76   599   69   748   217   682   52   496   484   886   438   752   425   275   88   147   384   130   176   503   776   23   1045   
30   433   1033   519   781   911   77   459   98   544   888   924   550   1169   42   1172   518   419   1026   0   19   1011   1129   1103   1102   238   116   1026   169   1154   404   330   539   1000   43   1021   458   1102   437   927   271   184   392   1102   136   910   153   441   1194   900   178   1119   851   119   130   864   532   90   436   1676   98   1107   384   1024   6   962   241   121   1079   1189   330   529   234   1165   1042   766   46   348   1079   0   1114   71   181   466   184   677   302   830   184   252   190   96   165   13   442   403   21   554   57   228   
189   603   569   451   311   989   1208   952   159   1064   23   503   969   1222   388   313   48   328   503   19   0   754   54   981   395   119   1231   985   904   137   290   479   30   119   378   332   292   448   355   1688   16   74   452   188   134   324   324   801   1143   296   138   1074   396   502   105   1050   228   334   908   554   430   617   755   196   569   490   501   573   317   206   527   676   274   780   520   1233   801   1009   985   461   657   0   652   143   652   570   123   142   154   422   135   1202   626   30   1016   552   390   96   16   301   
194   133   374   92   900   665   326   801   1189   537   1207   168   200   255   336   62   1077   547   150   1011   754   0   1168   97   174   114   165   514   124   1090   1031   290   409   150   314   441   1130   938   1105   152   686   144   335   302   347   1064   1146   12   36   117   1211   1153   174   358   177   315   126   0   793   461   81   97   101   55   378   1062   332   1750   461   1660   723   652   177   0   441   528   560   285   598   20   1025   221   289   999   919   184   690   1239   352   45   332   626   646   967   457   122   57   518   168   589   
719   70   118   154   142   19   696   210   710   77   646   13   68   891   206   100   1016   1101   229   1129   54   1168   0   166   361   362   1718   190   175   551   70   573   307   473   82   973   565   223   146   315   1016   530   1039   392   39   155   141   399   477   103   60   176   17   628   841   1156   219   298   177   154   1175   1230   178   1110   715   147   349   1010   1596   525   721   1017   213   116   387   1155   1161   1084   1065   290   443   84   127   153   1125   353   561   807   141   1194   464   126   183   761   681   91   147   322   392   345   
1181   115   142   147   1024   611   112   690   470   713   1006   1119   492   413   477   183   100   378   555   1103   981   97   166   0   425   115   19   449   388   918   728   408   548   864   427   492   50   384   910   981   72   909   576   571   670   96   1753   924   150   1047   365   768   357   55   124   305   532   101   46   237   359   1646   1017   936   598   457   824   141   153   165   407   173   639   577   405   353   23   1115   324   548   759   474   1090   122   243   141   10   413   535   968   132   455   100   61   117   1106   38   830   362   442   
195   41   373   181   781   348   146   149   98   15   157   569   332   321   48   255   324   86   89   1102   395   174   361   425   0   1101   754   430   144   204   87   137   153   1102   914   306   119   806   103   498   160   449   162   1021   573   134   82   608   1011   419   355   597   151   1012   304   549   422   351   264   364   230   157   1238   453   188   541   119   529   436   484   948   90   1079   244   994   546   101   44   17   136   79   14   313   519   113   553   1129   971   1023   640   361   1028   309   619   166   420   36   1189   1052   581   
275   44   1011   521   1031   200   1153   654   228   241   1069   252   569   153   165   721   125   209   77   238   119   114   362   115   1101   0   1   304   1194   415   1011   987   118   292   425   105   755   550   58   45   1749   79   748   248   401   1144   315   389   256   496   599   599   154   144   949   128   219   267   313   1162   755   900   777   158   527   573   469   670   568   938   519   15   286   50   44   643   349   527   1167   604   210   368   141   1237   981   631   1168   57   1751   574   276   383   409   688   100   424   62   748   523   831   
133   451   1098   1095   1279   114   23   911   846   84   495   218   126   1048   313   164   923   397   27   116   1231   165   1718   19   754   1   0   90   688   119   344   473   315   159   44   383   1223   371   538   603   619   977   109   241   370   440   116   131   1182   328   16   468   453   70   1750   61   190   324   685   460   141   505   211   1153   1206   93   87   599   457   159   179   157   443   489   104   303   0   502   50   525   62   528   991   12   42   61   101   1026   415   1138   1187   46   556   601   171   277   1049   989   467   165   
519   1059   283   417   178   90   1090   519   119   1053   50   1050   347   1054   546   799   556   1170   379   1026   985   514   190   449   430   304   90   0   396   1732   994   209   185   1073   1098   143   532   888   1085   112   549   66   1078   1045   487   238   477   636   436   153   102   947   194   678   145   1105   182   472   145   410   1095   415   395   1097   158   597   1073   928   138   123   326   191   318   50   1110   652   431   867   705   277   532   596   101   1172   487   368   147   1187   84   761   1034   891   234   451   38   149   466   728   309   9   
399   269   640   122   166   198   650   135   58   682   158   581   501   598   671   200   204   1190   365   169   904   124   175   388   144   1194   688   396   0   683   75   141   423   34   178   745   94   532   281   31   0   75   42   61   96   357   32   351   388   339   1210   119   1203   140   529   107   122   75   1222   969   132   397   330   719   129   138   1175   771   1013   534   90   175   114   114   15   1088   107   447   429   223   360   349   163   570   365   1808   322   33   699   527   228   1062   1240   1057   116   269   758   249   203   418   
195   153   355   1065   1205   82   100   354   98   112   407   116   1062   605   55   176   349   1158   379   1154   137   1090   551   918   204   415   119   1732   683   0   426   852   1180   552   1149   1129   115   200   82   493   1054   699   907   226   539   130   1140   489   1028   1053   1665   255   382   413   378   909   27   1053   154   982   625   808   212   761   535   495   179   1098   407   515   20   68   312   61   977   1153   345   906   1020   617   1130   1264   778   554   1137   16   605   428   154   519   437   1206   1025   152   1131   723   847   279   528   66   
640   1080   544   484   418   217   132   135   152   31   86   212   512   743   700   179   82   146   276   404   290   1031   70   728   87   1011   344   994   75   426   0   109   1122   383   100   849   795   372   545   688   513   163   1596   81   306   93   438   517   14   1732   722   167   501   15   1243   1097   50   225   1196   8   19   92   947   226   277   437   1193   545   969   371   148   304   1066   371   1142   1019   162   337   451   918   163   85   119   1197   217   1056   354   302   487   464   838   1230   30   421   361   55   455   49   447   789   
49   54   255   477   117   735   140   504   404   112   524   948   329   682   145   960   722   1100   101   330   479   290   573   408   137   987   473   209   141   852   109   0   32   71   57   57   805   1206   453   988   483   1248   345   670   778   974   4   699   313   560   438   1148   405   57   316   416   394   770   264   330   718   1072   1048   479   700   406   261   437   36   1142   131   191   524   133   1025   582   177   92   334   760   527   526   985   475   1034   0   1086   288   1688   1230   427   84   240   1004   496   886   159   163   538   286   
91   108   49   0   369   277   143   874   864   494   591   1240   1032   1079   712   557   113   256   109   539   30   409   307   548   153   118   315   185   423   1180   1122   32   0   612   0   212   534   951   405   373   296   0   454   1079   585   454   337   1136   551   598   582   452   521   292   596   57   1111   808   349   64   349   1248   1129   527   383   576   146   1145   367   0   1047   29   292   52   138   6   144   308   52   51   1009   213   205   43   178   114   126   50   85   196   153   179   973   409   441   201   840   624   742   633   
1206   910   207   266   494   609   647   152   1004   88   72   168   614   608   142   131   767   917   225   1000   119   150   473   864   1102   292   159   1073   34   552   383   71   612   0   549   135   1017   404   114   824   157   1013   679   136   90   1808   87   144   122   128   591   378   1111   1074   900   830   120   1024   154   147   514   1119   705   1045   272   1068   218   640   1105   1102   326   176   355   1048   135   170   721   114   436   554   710   411   147   48   393   193   357   34   1080   153   166   525   1138   143   1050   1031   60   1155   511   81   
120   389   221   594   58   153   376   304   915   524   355   88   1155   440   1102   15   1211   367   1187   43   378   314   82   427   914   425   44   1098   178   1149   100   57   0   549   0   688   155   463   639   949   58   364   1024   82   981   907   434   1145   561   90   299   583   443   267   783   776   264   16   280   304   381   474   436   160   691   92   119   318   255   883   70   1155   774   301   144   198   19   138   169   142   1139   380   15   419   425   130   535   101   62   162   409   1102   183   388   106   285   86   50   97   405   
555   540   927   14   296   638   292   938   337   149   104   0   807   112   277   176   778   580   1776   1021   332   441   973   492   306   105   383   143   745   1129   849   57   212   135   688   0   129   386   1024   313   642   47   117   405   563   296   164   1028   167   437   530   138   132   455   154   147   918   1084   365   345   387   882   1101   212   141   223   445   1064   753   441   922   353   165   134   51   214   852   431   971   590   167   221   437   302   1146   140   134   450   417   72   203   724   1126   1180   165   1205   692   1026   23   24   
14   1065   366   226   1189   771   684   1170   322   347   231   670   194   318   165   516   712   1189   131   458   292   1130   565   50   119   755   1223   532   94   115   795   805   534   1017   155   129   0   143   688   1233   1596   675   487   396   1188   914   1080   638   305   1214   1231   1066   167   593   405   447   107   1050   283   1246   439   603   67   1648   599   1231   1809   949   637   342   19   436   144   267   17   164   111   37   1755   446   166   21   375   50   1105   160   163   612   472   86   670   926   13   107   333   700   989   1045   1758   67   
1204   176   502   494   56   81   502   42   625   475   138   1059   176   544   1172   498   762   484   27   1102   448   938   223   384   806   550   371   888   532   200   372   1206   951   404   463   386   143   0   67   137   1616   409   144   0   772   519   171   487   634   723   0   115   709   1237   157   1180   938   1062   240   1181   50   155   58   1200   357   1063   781   512   891   212   0   637   910   152   444   577   1050   100   312   324   548   1138   1060   637   1206   145   745   1146   1638   532   404   204   18   192   433   477   116   366   633   18   
136   15   1110   72   1124   748   536   1834   150   167   111   1197   380   271   1140   217   401   5   360   437   355   1105   146   910   103   58   538   1085   281   82   545   453   405   114   639   1024   688   67   0   212   467   504   1119   374   135   25   319   295   594   93   190   9   90   412   163   446   86   89   1080   82   101   509   346   135   349   104   37   812   812   372   149   1075   397   82   1011   179   966   1088   247   19   423   107   782   792   1190   302   1141   1044   455   446   576   487   1669   621   540   454   456   1032   520   7   
473   14   74   590   560   1032   1638   108   253   27   151   286   799   153   94   133   373   580   1206   927   1688   152   315   981   498   45   603   112   31   493   688   988   373   824   949   313   1233   137   212   0   106   165   979   204   631   1058   27   1727   194   1001   156   44   101   408   808   536   10   15   119   34   681   387   454   712   569   495   494   121   112   110   1042   0   1054   527   128   929   394   315   168   81   1122   119   1124   960   440   923   462   1075   15   1   82   1024   487   994   954   14   296   133   114   519   
1706   503   1172   0   306   1115   175   127   50   1180   869   1117   29   1168   549   1726   27   145   165   271   16   686   1016   72   160   1749   619   549   0   1054   513   483   296   157   58   642   1596   1616   467   106   0   117   469   906   593   0   587   383   1165   238   5   326   1107   151   837   24   210   90   516   414   686   433   528   101   455   147   119   1212   440   554   191   378   1032   652   131   781   409   718   321   274   640   661   927   192   374   521   115   1020   470   166   155   640   57   58   174   992   608   337   25   133   
146   136   484   1039   226   1109   750   132   864   98   44   427   36   442   319   100   406   498   103   184   74   144   530   909   449   79   977   66   75   699   163   1248   0   1013   364   47   675   409   504   165   117   0   1018   619   1724   114   76   518   384   114   791   164   252   806   44   1115   1174   137   409   517   1122   41   539   562   115   1066   0   728   545   128   305   789   27   303   290   239   1016   93   86   715   656   387   130   1231   436   153   542   343   1694   296   571   1116   433   535   320   1155   142   176   115   581   
570   128   374   37   133   115   587   933   174   519   505   138   1188   0   913   401   458   409   595   392   452   335   1039   576   162   748   109   1078   42   907   1596   345   454   679   1024   117   487   144   1119   979   469   1018   0   330   319   119   255   113   19   1098   1180   168   18   42   908   469   405   154   531   78   543   1222   44   954   341   987   467   118   108   1058   410   44   436   660   375   71   210   1710   74   1090   351   102   119   98   546   349   1173   1077   1141   519   736   517   400   279   1118   150   407   153   1145   1026   
175   112   100   166   36   1112   909   1728   306   355   436   434   368   109   19   57   1001   9   1188   1102   188   302   392   571   1021   248   241   1045   61   226   81   670   1079   136   82   405   396   0   374   204   906   619   330   0   638   115   148   517   127   117   165   101   1026   394   326   0   86   407   152   1087   139   786   225   1264   1061   440   443   337   325   1044   228   116   337   419   114   60   57   977   1144   393   718   659   96   384   761   669   286   77   361   363   458   455   1239   546   594   18   351   158   902   849   
1052   128   0   528   183   1020   155   15   1057   402   1145   485   120   832   500   1176   157   196   62   136   134   347   39   670   573   401   370   487   96   539   306   778   585   90   981   563   1188   772   135   631   593   1724   319   638   0   1116   1077   406   528   473   1197   1709   392   621   347   35   458   1124   1113   119   841   0   645   129   150   132   122   597   723   387   506   1731   21   1771   423   1202   487   670   391   174   447   937   14   1126   452   70   676   946   571   53   78   143   720   1168   532   4   1122   764   138   101   
598   280   971   13   582   345   1187   761   1154   147   148   975   394   516   132   110   21   975   519   910   324   1064   155   96   134   1144   440   238   357   130   93   974   454   1808   907   296   914   519   25   1058   0   114   119   115   1116   0   589   205   529   1084   529   796   419   196   166   742   1075   487   1122   1064   290   110   409   87   138   490   1679   1119   1161   159   138   112   367   176   597   401   231   185   395   271   851   163   216   0   392   18   548   500   102   1168   190   528   1028   591   258   79   57   44   992   124   
458   342   989   175   365   583   18   960   173   146   174   111   525   1120   511   1214   517   1012   570   153   324   1146   141   1753   82   315   116   477   32   1140   438   4   337   87   434   164   1080   171   319   27   587   76   255   148   1077   589   0   163   1036   333   393   213   117   132   162   94   84   419   211   217   540   21   56   778   326   9   1073   235   519   59   661   98   422   346   1115   1161   225   47   1174   590   867   489   52   617   322   94   116   441   428   1187   346   86   103   1032   176   400   1062   1113   1191   408   
1697   374   372   209   510   1616   174   271   1269   916   191   211   52   795   302   504   152   841   344   441   801   12   399   924   608   389   131   636   351   489   517   699   1136   144   1145   1028   638   487   295   1727   383   518   113   517   406   205   163   0   16   138   140   344   167   60   354   681   150   1084   406   8   32   235   334   561   153   474   345   455   989   148   542   758   552   124   1075   8   990   32   562   496   1065   407   396   200   19   1230   45   1206   544   330   271   305   909   1049   14   487   591   133   1034   517   
907   721   82   972   58   95   387   151   330   570   1000   969   622   1122   509   640   936   220   1090   1194   1143   36   477   150   1011   256   1182   436   388   1028   14   313   551   122   561   167   305   634   594   194   1165   384   19   127   528   529   1036   16   0   1155   1042   1009   492   1137   387   475   760   1243   819   388   677   316   169   1060   154   997   926   158   15   454   528   1721   330   1119   167   365   432   34   175   723   423   35   650   199   98   395   439   972   545   486   1152   474   128   416   159   228   688   155   292   207   
146   700   1175   91   736   81   389   175   386   1148   334   137   654   1233   675   436   568   407   815   900   296   117   103   1047   419   496   328   153   339   1053   1732   560   598   128   90   437   1214   723   93   1001   238   114   1098   117   473   1084   333   138   1155   0   16   782   499   707   510   361   167   527   387   160   238   463   463   926   521   104   239   976   1043   428   84   1155   396   1031   417   362   1049   365   991   115   480   458   147   167   168   914   1066   1054   458   55   1119   400   1187   411   1095   354   384   371   352   0   
1122   322   657   89   85   1073   701   227   970   684   120   165   455   1266   167   156   305   162   457   178   138   1211   60   365   355   599   16   102   1210   1665   722   438   582   591   299   530   1231   0   190   156   5   791   1180   165   1197   529   393   140   1042   16   0   519   23   470   1149   550   139   1140   156   787   96   767   62   1039   363   440   4   346   131   168   46   135   418   345   670   32   315   1116   475   497   271   159   323   109   155   525   1132   813   314   907   97   57   27   1211   81   48   532   436   302   1749   
591   136   1077   386   1660   220   182   981   519   306   484   1119   1122   70   1178   271   72   827   109   1119   1074   1153   176   768   597   599   468   947   119   255   167   1148   452   378   583   138   1066   115   9   44   326   164   168   101   1709   796   213   344   1009   782   519   0   612   213   409   1049   39   178   605   122   145   1724   70   618   71   1073   330   761   141   463   412   455   1069   164   100   617   353   423   1104   119   1046   702   355   255   806   423   318   72   226   432   143   928   736   27   846   1146   77   398   336   130   
441   90   344   111   1128   1008   1165   458   0   8   535   19   521   841   72   618   886   212   1138   851   396   174   17   357   151   154   453   194   1203   382   501   405   521   1111   443   132   167   709   90   101   1107   252   18   1026   392   419   117   167   492   499   23   612   0   1214   532   1047   0   114   210   1093   224   621   417   228   368   111   1237   342   17   53   321   178   29   177   615   94   580   87   13   577   718   24   25   15   439   415   1118   588   151   425   452   1084   19   47   333   132   1030   1070   362   503   
190   694   126   147   108   800   1072   1084   345   487   23   15   15   1095   333   695   452   866   873   119   502   358   628   55   1012   144   70   678   140   413   15   57   292   1074   267   455   593   1237   412   408   151   806   42   394   621   196   132   60   1137   707   470   213   1214   0   1141   1223   1138   39   419   597   1080   47   435   225   21   230   474   1048   1039   398   384   995   473   124   376   315   113   645   540   229   671   476   174   274   1024   0   290   72   228   248   1059   1226   509   250   129   42   1184   120   297   117   
690   388   66   208   1220   159   782   368   76   46   147   70   95   73   96   1184   168   1143   27   130   105   177   841   124   304   949   1750   145   529   378   1243   316   596   900   783   154   405   157   163   808   837   44   908   326   347   166   162   354   387   510   1149   409   532   1141   0   122   669   289   1068   190   16   392   22   99   1125   713   365   417   295   156   1226   308   138   3   19   1694   433   1131   67   789   1039   882   115   183   91   163   207   100   60   995   1204   345   316   37   4   796   133   294   93   10   
96   87   0   441   193   1073   437   393   119   1115   158   173   1051   873   131   155   652   150   669   864   1050   315   1156   305   549   128   61   1105   107   909   1097   416   57   830   776   147   447   1180   446   536   24   1115   469   0   35   742   94   681   475   361   550   1049   1047   1223   122   0   303   131   983   474   1061   14   902   1001   529   400   985   585   131   564   619   590   139   1024   139   122   380   361   91   374   143   1648   405   1024   23   554   1129   628   204   736   1155   145   52   990   431   123   436   306   569   170   
168   226   466   985   140   92   949   394   57   80   32   438   678   937   353   9   1168   116   139   532   228   126   219   532   422   219   190   182   122   27   50   394   1111   120   264   918   107   938   86   10   210   1174   405   86   458   1075   84   150   760   167   139   39   0   1138   669   303   0   1058   679   457   165   617   1090   162   1090   677   330   1221   108   103   1153   518   220   160   1204   1189   591   1092   163   241   115   808   1124   235   100   0   187   1146   966   218   1090   1176   1209   520   1014   950   554   375   556   41   
173   1028   98   60   295   309   384   1038   418   100   133   179   316   159   983   64   254   1117   518   90   334   0   298   101   351   267   324   472   75   1053   225   770   808   1024   16   1084   1050   1062   89   15   90   137   154   407   1124   487   419   1084   1243   527   1140   178   114   39   289   131   1058   0   120   347   1189   927   588   395   162   143   1732   109   45   92   549   1004   137   1013   682   981   924   69   13   1024   438   499   204   1002   409   1220   131   41   532   138   349   176   383   41   1   1253   148   150   178   1084   
224   440   1114   812   226   419   162   374   466   54   338   340   5   1129   364   115   439   364   539   436   908   793   177   46   264   313   685   145   1222   154   1196   264   349   154   280   365   283   240   1080   119   516   409   531   152   1113   1122   211   406   819   387   156   605   210   419   1068   983   679   120   0   791   156   502   55   290   929   13   255   309   795   60   341   68   131   25   437   75   58   151   394   1093   477   231   68   119   200   528   582   365   143   568   1155   507   517   165   323   252   102   370   120   175   
521   1176   453   313   1211   601   92   753   31   373   564   77   540   87   1700   139   92   92   141   1676   554   461   154   237   364   1162   460   410   969   982   8   330   64   147   304   345   1246   1181   82   34   414   517   78   1087   119   1064   217   8   388   160   787   122   1093   597   190   474   457   347   791   0   398   22   322   10   598   482   548   927   168   981   98   453   0   41   0   165   494   437   22   123   181   755   510   510   318   1210   550   349   626   15   1028   114   315   113   1046   88   176   495   501   590   
1046   555   394   569   347   949   384   141   954   322   97   334   527   67   978   1026   136   344   399   98   430   81   1175   359   230   755   141   1095   132   625   19   718   349   514   381   387   439   50   101   681   686   1122   543   139   841   290   540   32   677   238   96   145   224   1080   16   1061   165   1189   156   398   0   168   119   1033   39   530   986   1000   1027   349   987   124   200   1169   502   239   63   548   122   220   286   563   467   568   106   722   40   380   196   926   290   419   114   64   92   132   910   226   91   24   
1084   487   129   381   154   164   639   41   615   13   101   145   1191   128   630   87   196   98   42   1107   617   97   1230   1646   157   900   505   415   397   808   92   1072   1248   1119   474   882   603   155   509   387   433   41   1222   786   0   110   21   235   316   463   767   1724   621   47   392   14   617   927   502   22   168   0   109   784   404   549   784   146   44   597   127   127   185   100   541   1144   80   162   130   479   363   383   56   0   10   736   748   22   117   320   459   764   11   88   316   543   969   1155   421   161   
352   1044   118   181   360   1086   74   1146   64   391   1016   36   133   14   0   62   145   228   1124   384   755   101   178   1017   1238   777   211   395   330   212   947   1048   1129   705   436   1101   67   58   346   454   528   539   44   225   645   409   56   334   169   463   62   70   417   435   22   902   1090   588   55   322   119   109   0   615   1140   969   543   1042   511   170   221   94   1243   964   12   237   661   536   1074   453   1075   1187   126   355   857   552   31   1004   537   528   322   315   236   14   615   105   1200   457   886   132   
549   270   979   31   112   57   1700   1023   914   174   116   0   81   718   428   609   552   0   0   1024   196   55   1110   936   453   158   1153   1097   719   761   226   479   527   1045   160   212   1648   1200   135   712   101   562   954   1264   129   87   778   561   1060   926   1039   618   228   225   99   1001   162   395   290   10   1033   784   615   0   32   258   80   138   181   1026   159   0   115   60   406   216   442   761   538   166   372   1022   170   908   1154   631   214   1188   30   1679   242   1101   1001   1093   467   615   71   133   603   218   
608   277   322   632   1048   14   387   155   25   1119   220   25   1141   1196   1130   304   33   670   130   6   569   378   715   598   188   527   1206   158   129   535   277   700   383   272   691   141   599   357   349   569   455   115   341   1061   150   138   326   153   154   521   363   71   368   21   1125   529   1090   162   929   598   39   404   1140   32   0   295   94   40   147   433   495   461   15   1047   1016   1063   507   168   25   440   48   1623   799   101   388   136   44   524   611   118   153   74   57   82   1198   580   618   962   66   430   
108   333   373   191   299   13   1076   157   126   430   132   183   1048   1118   104   520   295   77   102   962   490   1062   147   457   541   573   93   597   138   495   437   406   576   1068   92   223   1231   1063   104   495   147   1066   987   440   132   490   9   474   997   104   440   1073   111   230   713   400   677   143   13   482   530   549   969   258   295   0   508   1081   1182   457   570   532   1808   122   1220   975   8   65   723   761   388   694   145   95   95   748   143   35   516   0   46   111   505   1201   435   25   508   91   283   420   
