200
0   626   459   122   145   57   1194   135   166   92   1008   381   682   304   351   375   457   240   405   44   175   422   60   714   560   859   710   1758   418   1025   619   800   423   173   1250   31   1155   1014   221   1026   76   364   124   68   548   90   569   1194   503   330   299   44   800   390   67   471   527   175   382   164   326   490   398   434   580   390   591   433   492   516   1087   1092   548   385   748   113   806   410   238   404   445   1025   231   422   675   66   354   209   211   298   1165   76   622   313   1253   1086   80   508   308   846   546   591   165   1592   1251   119   125   98   284   71   831   202   1086   239   627   984   459   676   545   57   687   639   1068   511   919   1230   910   597   365   9   1165   299   537   330   222   173   338   318   308   12   1179   427   230   6   122   394   760   236   496   61   418   20   1073   190   847   13   469   417   330   326   305   1083   696   248   184   337   461   125   546   38   292   792   147   991   103   25   409   406   11   437   986   152   112   131   202   559   69   132   490   628   19   13   303   1066   786   1181   364   77   558   5   
626   0   989   1238   364   1755   298   400   1172   56   132   1022   999   42   1017   346   413   570   129   847   248   346   472   142   1067   124   300   349   146   1129   667   86   1174   125   363   691   225   138   433   696   544   133   548   631   761   25   1114   216   264   543   1156   555   675   406   158   502   112   132   38   1087   103   403   400   409   14   374   504   242   588   743   31   1009   937   423   511   377   673   113   118   457   124   197   455   305   933   225   144   349   30   311   1080   457   1048   1705   0   568   505   561   1129   1191   228   77   948   329   1200   534   409   116   1073   988   1217   1087   32   517   575   185   129   420   718   18   280   309   168   0   995   221   115   1077   368   548   599   132   675   967   443   960   1543   1073   1120   1093   351   573   971   163   192   389   167   174   123   1088   1226   285   528   82   258   922   0   532   535   112   73   127   490   239   1220   94   1155   482   1047   62   180   545   640   159   1073   358   190   1581   51   245   966   808   634   375   758   812   650   782   263   141   812   284   528   1084   146   713   319   39   149   1694   
459   989   0   101   154   518   472   44   389   119   789   309   557   255   206   535   27   128   1011   1147   723   36   36   0   124   149   435   193   1592   249   31   383   1107   837   974   459   0   778   27   904   200   1093   625   483   734   505   454   505   910   960   88   1162   0   260   525   1776   120   467   119   203   312   63   19   54   1051   1094   413   474   172   165   1139   128   1189   1191   313   310   31   237   133   1694   444   19   108   1042   431   0   594   124   394   1727   118   119   103   231   897   1004   36   41   552   298   403   52   605   972   520   718   70   657   344   230   625   690   153   504   383   568   544   520   14   140   1638   1145   478   238   778   44   517   686   223   1190   5   70   347   1064   587   136   435   126   277   537   322   575   652   519   670   546   155   1006   514   1752   139   398   475   167   27   658   396   117   92   550   1543   1087   431   1028   980   971   506   329   66   546   176   383   249   455   792   8   1172   250   748   329   281   428   32   505   935   553   358   110   190   1114   128   1084   552   534   599   53   132   72   399   351   
122   1238   101   0   168   589   404   54   611   243   411   456   527   93   27   336   827   551   127   855   846   195   117   103   56   555   995   711   152   326   332   1085   524   13   655   819   132   274   106   534   596   570   968   30   1039   1106   615   653   413   482   554   175   1130   209   902   162   273   1125   132   710   130   694   126   1074   1153   1079   235   1072   1783   1015   14   396   373   334   273   465   126   79   506   129   437   309   122   44   316   166   39   229   1156   1122   162   200   436   651   133   1047   599   535   60   447   1083   286   358   155   1241   428   754   108   1068   421   112   389   147   119   387   311   503   371   591   529   557   47   462   650   434   911   239   142   1755   116   202   510   35   328   120   5   645   104   150   308   293   781   593   128   631   788   553   1044   695   238   100   441   138   557   510   813   5   172   179   499   422   343   1143   764   657   951   698   1046   327   190   1129   1203   401   661   1174   882   146   140   103   364   1108   681   629   220   95   71   434   235   181   646   119   158   913   126   273   151   93   589   981   1189   
145   364   154   168   0   706   1110   33   196   907   142   545   155   1032   59   63   152   45   119   689   153   861   389   341   559   537   1749   556   166   366   387   479   61   1190   187   991   101   490   632   598   155   354   1046   1181   78   585   210   1169   292   17   1102   103   393   413   575   1061   340   147   383   194   347   210   747   1148   652   553   363   326   681   1223   1114   1043   558   981   1024   145   413   1027   126   1175   112   73   516   544   240   1022   210   128   1016   1050   296   674   1145   229   728   140   511   212   1026   505   419   519   551   162   624   829   1047   598   127   1013   94   524   180   1032   175   394   130   302   483   302   134   721   199   44   57   133   432   1031   938   418   139   220   1127   575   430   1105   89   19   684   581   32   336   547   414   51   608   154   0   1   449   1211   718   209   367   403   1152   60   110   429   154   690   49   182   361   383   1205   1066   27   396   764   219   171   80   603   32   374   0   762   555   900   182   573   405   561   1073   326   131   155   67   971   1155   205   160   358   154   570   240   152   1705   529   
57   1755   518   589   706   0   230   1696   1132   27   1011   373   72   241   435   274   1068   0   427   413   1001   305   1013   163   370   1758   443   374   400   142   107   1000   276   1190   35   552   1035   121   92   81   72   200   338   572   580   0   1002   227   275   982   1116   553   89   160   639   718   639   675   992   446   168   396   61   656   743   191   580   772   1102   158   163   1214   546   231   422   554   745   782   23   13   223   685   145   15   61   227   137   1189   203   165   1638   1100   57   770   489   534   507   671   114   251   351   1028   115   146   345   472   1782   497   20   320   79   938   80   133   1109   25   596   1253   187   308   478   401   496   1033   72   217   1054   466   608   159   846   1066   550   151   427   1062   130   744   211   39   511   21   718   1108   0   688   597   670   308   410   1834   446   409   578   125   94   364   308   212   557   129   221   1223   134   104   106   236   585   364   47   449   231   422   1013   1011   394   455   461   23   387   99   1068   1111   207   119   88   407   191   91   242   549   23   103   115   1648   1155   72   1070   88   516   
1194   298   472   404   1110   230   0   1188   451   556   162   458   133   675   117   320   116   535   164   382   146   98   1145   241   123   360   87   526   89   12   808   641   178   96   159   101   528   228   846   155   73   463   10   138   112   600   1164   534   394   9   1169   366   172   508   255   553   972   652   588   1196   447   1151   362   345   115   35   119   90   852   409   1153   926   16   479   508   1189   1122   411   290   136   216   508   251   40   599   93   85   363   114   1137   446   405   784   723   1116   991   58   471   1175   318   51   137   556   240   1240   918   1223   126   179   137   799   1194   1080   1093   50   169   1193   165   780   549   93   168   927   1154   51   20   497   171   893   397   129   571   156   670   124   329   150   127   160   502   106   619   0   482   405   897   155   87   87   18   137   30   106   855   490   1188   364   25   149   331   397   437   527   1092   328   156   619   355   1085   302   48   446   687   613   576   1048   923   46   122   26   93   550   299   1144   1059   368   1033   210   245   451   334   347   1725   778   92   1056   190   204   596   321   
135   400   44   54   33   1696   1188   0   133   90   142   1130   68   325   171   147   742   509   19   423   107   103   147   159   545   1623   316   159   568   147   271   554   317   123   1075   439   218   442   439   135   175   1013   71   155   330   388   400   360   1093   440   204   789   150   420   379   384   161   119   396   1146   474   103   89   389   699   351   18   71   512   128   681   166   534   150   855   405   1077   396   74   630   499   292   207   139   1775   157   6   640   171   56   854   438   996   852   116   679   182   501   694   452   366   596   94   318   193   167   747   94   201   68   432   1205   96   311   587   563   24   238   354   1013   315   451   139   1706   139   155   1058   14   572   28   740   1221   259   145   322   627   64   438   976   41   419   134   691   205   276   947   1080   132   496   1240   35   1154   664   160   51   520   194   554   135   106   427   135   1145   44   660   104   92   191   1701   540   1172   135   1776   36   131   148   575   907   303   258   539   492   247   438   272   383   1076   353   57   27   538   135   569   601   651   345   1648   272   292   225   
166   1172   389   611   196   1132   451   133   0   483   650   569   413   558   60   680   562   164   626   1251   752   1175   130   422   310   412   139   510   225   12   154   704   500   136   420   436   687   1172   115   700   151   376   910   131   966   424   742   1060   852   1700   748   1238   459   1026   1068   52   1093   34   296   116   25   379   554   414   216   92   926   88   6   407   1044   101   245   107   235   0   1120   114   106   136   38   380   156   1090   136   57   86   132   74   436   44   58   846   803   550   196   895   135   419   994   1068   180   471   149   167   181   147   1076   152   19   747   307   144   355   367   198   670   79   1044   972   624   684   497   25   63   134   1080   569   296   303   784   1105   280   366   387   144   437   139   145   107   435   0   401   205   160   129   1006   1044   138   160   1696   164   527   583   215   1208   1197   540   119   1095   512   1694   478   639   742   552   453   985   561   176   136   608   57   190   546   375   976   549   142   525   556   513   1085   305   144   1145   678   1695   64   270   410   507   907   541   21   701   963   187   392   901   
92   56   119   243   907   27   556   90   483   0   506   118   1054   159   109   609   129   461   367   907   551   205   53   9   1118   62   629   419   55   242   344   65   165   1041   1092   623   53   701   1063   1119   371   122   513   117   153   56   1231   1103   110   41   534   175   103   37   154   163   190   290   126   154   90   1072   1059   436   978   873   803   1110   148   864   129   670   58   1101   98   575   136   158   71   1086   1075   225   1122   535   1230   568   1098   1092   437   825   50   404   1098   615   1066   20   108   739   115   1049   1267   92   191   678   109   969   1264   517   145   9   210   550   948   762   74   408   904   79   647   677   597   14   646   366   1085   531   517   138   589   209   89   373   401   367   1113   355   367   170   157   12   547   1028   1230   554   336   611   1080   99   366   315   1065   160   372   25   193   778   115   101   419   981   225   437   500   144   204   484   219   1202   1066   1009   553   927   389   550   147   1088   615   86   425   446   153   556   1014   1072   695   1196   214   212   370   360   1149   683   165   53   439   968   431   149   19   118   
1008   132   789   411   142   1011   162   142   650   506   0   53   147   422   1214   112   1036   176   1073   427   524   231   50   550   549   529   225   225   519   673   430   18   1203   517   1007   778   637   431   564   107   167   74   1075   234   507   162   37   394   241   1099   795   1061   124   1208   392   63   520   145   0   540   1180   985   584   679   461   205   670   1122   846   777   568   490   15   133   39   471   369   591   1004   6   119   145   571   946   43   701   168   530   1021   130   532   991   684   1233   74   179   44   1136   163   645   701   107   322   19   1078   0   591   100   546   351   147   168   783   255   1128   776   639   88   125   127   137   477   89   129   251   37   401   1102   119   257   456   1175   499   101   1016   549   118   1000   135   314   272   32   97   972   363   55   1097   24   191   516   456   640   714   690   1070   960   312   119   134   788   531   12   125   173   874   1049   611   911   138   142   173   189   586   200   255   126   171   1044   138   110   535   117   340   343   191   204   510   308   347   652   706   1080   375   123   355   154   255   209   220   1226   
381   1022   309   456   545   373   458   1130   569   118   53   0   155   151   342   457   428   87   15   206   142   0   169   657   138   0   27   439   251   136   165   421   160   919   77   897   179   455   973   1066   116   371   968   101   514   94   1010   361   1057   334   472   344   624   772   1179   516   6   653   781   0   598   1135   173   755   179   313   991   919   40   1211   394   849   464   537   103   101   337   147   324   371   1676   806   354   981   407   58   545   423   133   57   328   94   143   926   27   67   1034   436   1165   555   795   952   439   18   568   21   375   335   1131   371   112   714   1112   216   19   141   102   1223   191   153   265   411   214   82   666   170   555   312   744   1016   585   829   60   165   359   226   82   130   799   277   187   576   27   511   1201   1156   389   405   140   70   132   1066   1145   504   492   1752   754   353   860   413   86   808   1205   191   940   1155   578   410   306   160   326   221   1233   356   1187   1162   496   344   175   1801   1231   53   401   1102   683   50   269   128   867   0   471   657   239   1025   467   108   563   139   427   109   
682   999   557   527   155   72   133   68   413   1054   147   155   0   521   746   31   1089   991   69   31   82   755   1181   1237   367   542   612   62   994   510   133   45   447   78   1084   1113   64   43   141   137   132   527   338   165   17   1155   30   27   146   158   62   460   321   572   383   1080   152   461   718   1028   355   109   817   401   168   155   718   409   166   801   147   129   383   211   1771   496   966   568   420   12   874   65   505   292   443   121   591   460   537   285   548   446   694   136   152   508   198   313   544   72   122   387   67   1190   52   240   31   49   1174   120   374   292   587   63   41   697   540   352   19   1126   460   37   676   700   117   30   1048   438   936   370   652   1018   110   1119   594   517   598   138   80   280   750   926   423   81   1073   238   102   146   625   1090   398   45   428   286   1093   129   103   1113   75   553   1114   335   154   931   82   360   1205   102   1102   180   178   16   147   205   100   55   392   1709   596   990   29   589   529   296   1173   221   122   949   813   42   348   479   335   1175   132   93   1046   1159   222   217   
304   42   255   93   1032   241   675   325   558   159   422   151   521   0   1079   1   664   907   126   24   860   427   411   228   546   107   464   0   336   61   463   58   576   1100   398   626   1032   413   772   181   425   154   173   1220   631   178   41   554   61   1130   171   474   159   1181   485   332   99   689   60   102   1016   20   1543   713   1016   363   886   640   397   200   510   119   358   482   538   1758   222   531   789   363   283   375   796   71   194   146   1056   360   436   1075   546   443   699   1724   89   153   494   64   1264   159   527   1217   534   231   389   1089   755   28   297   996   325   791   303   1073   14   52   134   159   578   937   101   1001   998   546   621   151   1064   1160   13   719   352   122   585   378   422   957   676   373   528   114   568   225   217   910   117   54   378   472   553   332   404   103   460   451   85   410   716   379   155   538   591   123   57   148   546   404   330   139   443   640   1118   1084   755   654   115   629   126   171   538   461   554   118   400   187   284   458   346   366   125   206   252   40   183   44   82   41   1193   56   149   551   
351   1017   206   27   59   435   117   171   60   109   1214   342   746   1079   0   710   556   90   511   154   573   1043   1045   85   956   36   423   554   846   1080   162   533   603   540   165   87   149   1118   568   166   1146   474   987   458   444   926   112   91   1202   1003   1113   712   582   373   326   173   677   53   368   308   1093   16   127   376   527   339   1155   214   90   123   1088   88   419   0   1179   777   294   1075   135   574   386   396   1062   1046   235   1182   20   475   34   860   613   135   217   102   410   119   204   134   1175   1752   116   672   521   987   491   365   1698   382   674   1004   326   446   124   960   179   128   12   119   637   1027   154   61   123   332   490   1214   516   695   179   9   1122   0   0   841   1096   954   1239   391   25   207   60   122   117   981   762   737   136   141   588   1149   267   131   537   1017   1062   1049   500   649   1002   90   100   1149   64   506   143   1048   830   190   376   39   317   866   100   977   132   238   49   642   636   290   190   540   433   140   34   1160   372   1016   98   486   474   1028   148   85   1113   1062   383   332   39   1073   
375   346   535   336   63   274   320   147   680   609   112   457   31   1   710   0   69   700   799   442   1027   332   736   64   942   41   911   136   490   1103   223   1028   39   166   66   525   1596   168   175   57   509   533   158   1075   247   336   361   375   1046   0   643   96   144   307   639   591   316   1072   118   624   283   12   17   67   405   513   80   372   93   275   238   330   163   736   72   216   537   528   211   1068   530   1196   147   1076   127   99   413   384   655   511   1084   196   1188   57   113   67   456   349   369   128   599   419   205   146   1072   484   1146   136   137   267   1001   408   1032   474   582   525   69   167   700   99   1051   698   129   176   1187   424   159   383   80   1033   172   170   135   617   437   78   564   68   412   1050   190   969   1122   553   351   1078   349   303   763   1035   657   806   585   1694   399   524   423   53   886   87   206   132   1012   1087   387   102   538   1180   81   159   353   171   46   373   132   128   140   396   1136   25   657   1067   996   138   9   155   1016   347   1175   1150   601   373   626   750   736   41   994   396   977   728   
457   413   27   827   152   1068   116   742   562   129   1036   428   1089   664   556   69   0   547   259   277   527   94   519   85   134   113   1045   1090   36   438   178   25   729   826   787   332   163   387   426   95   78   1187   387   1021   394   149   196   10   73   166   0   1204   1145   395   818   472   380   1135   152   31   1013   191   108   146   621   483   329   138   142   80   383   336   423   106   972   457   379   354   258   41   175   1079   442   60   102   368   449   181   327   44   820   188   302   24   315   541   277   487   0   1230   1032   464   1087   530   39   626   255   1141   554   119   418   85   152   348   500   377   422   133   61   16   494   455   1047   1098   510   128   391   128   162   362   522   399   449   552   360   202   1031   177   304   82   134   967   589   585   384   12   598   674   320   355   492   104   1194   423   172   387   1044   274   386   152   343   8   168   907   593   421   247   743   209   155   409   628   107   1806   1122   456   511   296   260   503   412   131   318   1230   165   398   795   459   32   409   132   34   1173   91   0   180   381   515   403   24   
240   570   128   551   45   0   535   509   164   461   176   87   991   907   90   700   547   0   627   1175   761   1222   116   448   931   1021   783   1080   120   1034   806   1001   210   296   964   1153   326   976   1230   24   1026   1066   499   127   362   845   989   314   1237   248   19   124   87   477   399   231   441   27   66   87   1089   441   126   456   456   210   151   354   455   436   1086   1176   42   1169   913   76   553   440   990   1196   147   228   750   666   650   496   581   1643   1725   682   156   170   532   140   1069   89   1246   976   303   122   718   288   165   281   478   76   16   523   427   354   744   1080   549   135   154   5   350   754   938   1097   74   42   325   279   522   6   112   0   195   135   28   1011   1061   715   1106   761   477   64   1705   130   53   138   524   1669   110   1138   42   1027   152   1090   382   38   916   157   458   549   50   1143   1118   64   152   144   313   444   1043   1035   487   141   1834   664   977   106   530   154   136   379   334   587   100   1246   330   115   427   151   82   161   327   151   518   597   109   205   443   132   24   470   140   1006   248   154   
405   129   1011   127   119   427   164   19   626   367   1073   15   69   126   511   799   259   627   0   178   171   31   1016   34   61   1038   272   151   139   1068   223   670   678   109   322   119   118   596   637   535   554   325   482   189   443   7   931   115   1059   590   400   146   336   428   57   1122   158   194   64   23   124   1783   727   1660   104   552   47   521   881   1073   159   1142   164   753   558   1660   605   419   560   434   146   354   883   304   560   185   1010   831   5   170   520   806   1037   304   153   1041   1197   716   599   12   296   23   101   643   167   4   44   548   50   543   847   1206   1011   41   918   165   115   125   28   505   1220   12   764   176   551   1172   860   609   1006   302   1079   175   1084   315   0   806   57   205   538   1253   557   1669   486   921   140   459   739   625   743   573   904   116   217   666   1021   413   462   322   61   723   14   1080   190   511   90   22   1170   1207   335   82   617   686   731   126   684   349   1044   223   255   542   387   205   1054   309   258   423   240   788   597   141   598   524   1016   118   1066   114   167   695   1752   439   
44   847   1147   855   689   413   382   423   1251   907   427   206   31   24   154   442   277   1175   178   0   1131   1093   175   28   108   138   147   363   76   864   220   135   311   121   376   426   138   1224   210   812   145   94   254   100   502   1090   133   1135   548   1194   686   41   157   559   255   621   5   161   782   1062   1073   412   473   271   742   206   417   320   543   319   326   313   335   307   605   166   926   191   494   31   413   427   582   200   381   532   691   240   1058   536   165   333   570   258   519   1258   940   546   163   103   719   119   137   664   104   345   618   1115   332   19   103   102   1028   153   118   82   679   151   103   152   124   276   135   50   25   1088   413   62   330   119   1077   176   1079   103   135   1017   554   98   117   370   1148   222   552   1049   155   109   98   224   159   315   1053   537   550   152   389   172   486   21   32   1001   91   134   806   594   481   298   133   1214   169   117   15   1146   598   294   443   199   119   110   87   329   1782   23   568   976   423   137   50   84   1044   1592   383   585   167   1142   652   561   621   482   162   1162   
175   248   723   846   153   1001   146   107   752   551   524   142   82   860   573   1027   527   761   171   1131   0   379   324   35   8   1204   975   527   271   145   523   719   438   1132   284   322   597   407   527   432   556   495   187   130   201   1223   231   312   625   138   74   297   136   74   472   320   673   164   490   163   728   566   977   19   659   248   1718   384   528   151   1174   437   1017   410   324   730   263   144   706   1009   505   126   102   5   330   0   626   1025   605   437   653   212   573   264   541   162   183   456   237   168   231   149   174   569   1749   126   385   425   149   423   190   467   975   6   326   122   1205   605   133   551   148   187   136   696   1156   359   390   381   800   66   66   117   374   474   430   1145   799   189   1196   243   13   378   44   41   1084   403   484   456   75   0   102   51   52   18   660   402   659   48   119   142   162   59   364   409   1194   99   148   574   101   1181   34   69   534   537   1688   507   10   98   1071   111   686   421   259   1164   414   166   123   22   409   32   128   75   447   313   206   796   1736   149   641   126   
422   346   36   195   861   305   98   103   1175   205   231   0   755   427   1043   332   94   1222   31   1093   379   0   639   117   550   326   127   789   452   131   1153   20   933   263   374   118   145   1175   1700   356   433   145   1752   1169   0   5   150   813   57   223   441   564   735   761   145   313   320   91   102   540   228   1017   44   568   490   743   508   115   437   88   1158   0   360   1214   195   622   209   353   138   55   945   812   90   1148   176   532   506   585   119   12   1081   637   587   419   334   170   490   133   527   141   322   562   1096   66   538   120   39   230   86   85   14   280   71   152   328   570   1143   132   128   308   13   362   464   575   938   133   334   57   0   41   1012   314   553   115   302   431   365   86   357   203   104   64   643   104   599   337   75   25   42   27   135   145   155   1100   1090   298   141   437   152   168   1660   966   1045   94   325   115   351   621   150   366   1047   216   250   212   384   1080   384   1105   67   580   670   418   1105   960   440   624   43   1161   716   240   50   1251   1122   569   381   297   146   226   334   176   
60   472   36   117   389   1013   1145   147   130   53   50   169   1181   411   1045   736   519   116   1016   175   324   639   0   453   522   985   187   41   1047   582   1239   1107   1140   977   1163   102   163   64   1130   223   39   1206   338   372   217   1026   165   1093   539   239   1726   430   681   621   378   345   383   355   1701   652   735   395   645   28   160   483   14   44   612   44   365   344   171   417   1755   661   392   552   305   153   826   886   320   326   530   90   308   938   774   111   103   643   18   122   108   1009   416   541   596   1182   162   678   1072   1025   212   587   30   60   341   438   364   1165   292   48   833   1005   142   979   110   17   331   677   787   392   931   235   438   0   138   148   230   102   403   46   646   474   308   18   170   220   800   524   304   1806   379   311   128   45   91   0   481   130   170   1126   303   112   1113   795   576   93   416   290   86   137   455   19   1125   356   140   118   733   138   706   133   990   355   140   615   375   1063   14   92   122   85   211   1080   133   133   359   143   1168   332   159   19   225   544   5   79   397   403   
714   142   0   103   341   163   241   159   422   9   550   657   1237   228   85   64   85   448   34   28   35   117   453   0   119   692   493   19   136   1115   524   128   675   561   1122   436   103   47   346   640   295   1063   397   373   547   833   1102   336   91   575   626   439   532   1077   1623   75   290   196   131   761   487   209   422   472   82   225   556   421   1752   89   472   190   483   700   513   1727   148   566   609   441   128   590   1045   133   1129   560   787   41   767   1159   591   129   308   378   481   866   49   1047   310   696   695   938   1064   0   711   552   1065   1112   370   280   1013   67   261   323   132   734   103   539   296   397   976   401   60   676   516   1181   1175   401   210   562   46   1196   992   428   594   0   989   98   57   226   1161   1064   538   1015   350   525   16   131   598   154   284   637   344   1002   1061   634   436   311   1087   457   803   1094   1086   14   701   1077   829   626   448   382   554   1025   155   391   190   1776   1038   375   313   1080   1071   972   221   776   58   82   119   1006   770   601   142   347   1052   145   23   343   466   400   526   609   
560   1067   124   56   559   370   123   545   310   1118   549   138   367   546   956   942   134   931   61   108   8   550   522   119   0   317   88   49   11   518   36   134   142   1205   50   503   195   1208   320   1145   436   65   56   53   329   79   39   83   27   1152   245   401   6   1638   973   225   318   637   35   540   949   102   456   60   1083   22   410   133   582   1102   550   220   1034   36   179   532   637   866   61   1201   67   285   1187   1116   247   1023   462   122   849   206   154   489   106   295   172   1021   313   218   1174   1087   1080   9   0   1138   235   321   164   205   570   517   1234   153   918   116   823   752   10   179   626   0   1103   534   19   409   150   97   133   1204   136   597   598   240   608   830   402   1187   686   402   426   1066   1175   496   52   206   686   102   494   19   69   149   86   273   181   337   1688   197   91   1025   986   1048   1143   1701   645   339   167   838   519   168   549   171   433   642   1124   118   1128   1107   512   652   99   535   357   143   138   1068   349   922   1124   157   560   696   1188   263   181   203   1169   145   378   42   108   343   
859   124   149   555   537   1758   360   1623   412   62   529   0   542   107   36   41   113   1021   1038   138   1204   326   985   692   317   0   135   151   594   27   364   15   458   593   229   496   371   509   1643   300   1051   505   536   147   329   1042   479   562   824   552   14   43   539   1209   1113   788   599   564   448   308   1086   247   85   976   1191   1051   146   306   20   556   1180   972   18   1021   185   74   915   101   1145   466   970   241   183   387   195   250   595   432   650   113   162   360   332   102   45   569   505   71   84   1105   1140   36   300   154   148   761   527   388   332   392   540   143   176   280   594   1080   147   272   1052   70   605   1113   1001   330   391   554   416   820   1066   123   363   1080   716   234   552   178   1140   372   904   350   1004   454   427   341   110   75   602   417   170   1752   434   924   480   217   104   562   115   274   420   202   1080   504   223   721   228   458   84   371   120   235   99   132   81   151   619   1058   545   461   1174   81   705   135   138   61   383   57   370   387   1162   878   1118   462   438   1122   739   97   0   499   813   433   
710   300   435   995   1749   443   87   316   139   629   225   27   612   464   423   911   1045   783   272   147   975   127   187   493   88   135   0   1158   553   187   758   754   31   334   719   84   970   652   190   997   53   573   675   1096   507   151   296   996   202   164   185   119   190   487   257   1198   376   127   754   102   251   143   390   1184   383   538   113   418   380   147   235   195   534   511   223   164   107   132   590   761   144   991   302   882   430   157   277   336   562   54   490   1616   1665   706   346   538   1167   754   151   1187   585   337   458   1700   0   1130   103   417   89   58   198   53   64   1018   631   73   1197   0   151   245   226   1129   552   549   277   76   612   812   1021   326   1145   571   554   127   154   552   150   886   355   25   1202   175   1158   1163   588   101   787   1005   94   67   133   555   34   504   411   1116   1112   5   211   830   200   177   873   1208   573   786   736   712   171   310   29   366   0   82   1253   88   307   52   420   395   358   417   1168   1009   587   554   743   168   0   436   1046   40   1150   1046   48   1098   145   12   345   762   
1758   349   193   711   556   374   526   159   510   419   225   439   62   0   554   136   1090   1080   151   363   527   789   41   19   49   151   1158   0   1721   1085   527   454   103   419   19   1005   154   667   428   417   71   418   308   166   120   130   1142   44   1130   87   510   277   354   1140   1688   1017   325   535   730   332   1088   119   546   0   160   509   436   718   1155   157   1086   215   227   455   617   941   79   31   16   1159   119   461   484   512   23   178   466   114   1006   0   230   664   21   1721   92   310   366   1065   787   260   1033   225   62   704   230   970   181   1230   1032   1114   126   191   487   368   153   116   102   591   664   159   442   209   200   936   139   1140   542   324   486   225   94   285   322   298   526   447   409   354   398   735   81   167   1172   98   679   201   300   650   375   327   549   583   984   145   145   553   323   670   508   220   324   1153   222   439   309   174   13   671   251   559   982   293   78   32   1086   411   72   177   569   1258   207   273   549   1124   112   34   1174   130   18   1052   127   1006   414   34   1144   513   449   184   45   1202   
418   146   1592   152   166   400   89   568   225   55   519   251   994   336   846   490   36   120   139   76   271   452   1047   136   11   594   553   1721   0   126   1073   185   537   454   97   313   377   1080   304   164   981   451   178   638   140   1   1079   187   1145   113   195   1074   36   1093   210   36   1006   125   129   345   30   152   474   329   1148   145   712   229   90   437   290   1037   233   1088   35   581   340   1144   1182   116   386   296   80   389   151   1132   763   400   1096   443   156   221   1657   17   31   1118   436   130   155   17   1694   472   578   138   1239   456   500   895   578   1073   223   1141   442   408   593   1075   644   374   552   374   71   286   46   529   132   167   1090   23   147   566   586   227   555   92   52   167   400   394   137   540   1108   761   130   205   1698   1132   445   108   15   1095   359   1145   1086   636   164   1007   123   341   125   1095   1024   454   731   536   64   1028   410   549   427   396   14   1072   385   736   562   1175   220   1706   67   522   23   1044   540   166   516   104   140   1083   313   882   455   86   219   160   296   494   440   423   1206   976   
1025   1129   249   326   366   142   12   147   12   242   673   136   510   61   1080   1103   438   1034   1068   864   145   131   582   1115   518   27   187   1085   126   0   374   423   419   1725   516   321   527   343   157   1076   176   190   1127   163   101   1014   15   545   206   495   690   51   658   226   145   1147   505   41   734   132   66   115   1679   597   514   116   960   1194   400   1028   173   24   401   639   93   1144   842   649   24   482   274   347   882   800   548   555   130   536   390   964   161   617   679   122   1230   31   8   689   1090   1752   940   482   84   159   137   342   590   161   1706   132   1114   0   1017   406   532   549   133   626   1144   1046   327   138   969   135   122   52   1080   423   801   342   1137   115   290   1080   542   672   545   1197   617   555   16   563   999   1002   461   102   82   484   101   11   12   912   444   90   419   94   1142   474   597   1057   683   172   443   300   104   333   1001   972   139   1024   424   754   1092   1102   95   137   315   154   541   51   459   691   551   382   294   154   241   808   1669   1087   1710   71   350   558   394   92   1146   360   183   386   
619   667   31   332   387   107   808   271   154   344   430   165   133   463   162   223   178   806   223   220   523   1153   1239   524   36   364   758   527   1073   374   0   302   132   461   1136   167   1046   630   718   455   501   114   21   1032   119   498   1044   50   1130   255   1188   181   153   396   453   23   87   1014   437   487   387   1159   114   503   1155   128   132   258   1061   145   21   16   622   541   71   85   351   46   704   1775   1233   89   372   318   743   520   1246   130   515   72   458   48   639   435   210   909   207   41   117   1047   1192   384   1036   414   719   52   932   636   1643   17   400   880   111   272   379   427   652   46   311   1100   138   1176   487   166   375   1113   812   527   0   44   708   385   494   15   196   302   355   148   158   466   12   560   82   1152   436   1084   900   271   6   172   560   171   222   424   1234   423   782   164   322   565   434   57   1026   1775   68   1187   330   544   1080   160   318   407   523   96   1016   1048   366   556   197   724   807   1086   1231   126   1032   30   264   1090   409   1100   428   411   60   135   565   690   92   443   293   178   
800   86   383   1085   479   1000   641   554   704   65   18   421   45   58   533   1028   25   1001   670   135   719   20   1107   128   134   15   754   454   185   423   302   0   330   106   1036   368   591   450   532   290   145   286   159   136   715   1010   1102   558   750   1233   1064   191   19   774   647   365   78   413   1080   1038   1107   181   0   283   114   316   124   546   1025   114   936   167   771   456   1806   810   922   537   629   164   1154   133   15   549   216   92   174   845   123   69   898   948   477   1167   181   118   372   423   1103   1175   108   511   86   1074   336   284   25   217   151   137   31   519   181   33   187   882   1697   499   510   957   127   762   77   6   62   525   61   1188   14   375   87   1102   546   5   891   927   91   408   516   438   153   973   1080   461   280   521   503   1073   221   907   1000   35   625   122   460   533   116   355   786   131   1102   91   1062   149   560   222   108   98   441   443   846   419   226   697   1080   677   131   671   257   706   138   343   316   1145   417   131   5   240   236   50   1189   596   618   916   989   168   438   225   1187   970   
423   1174   1107   524   61   276   178   317   500   165   1203   160   447   576   603   39   729   210   678   311   438   933   1140   675   142   458   31   103   537   419   132   330   0   1061   115   1126   273   1110   1053   342   347   135   351   327   994   328   135   570   290   381   1077   273   1004   981   1026   384   981   1090   17   876   22   365   527   57   383   453   220   1216   1022   511   248   463   355   210   225   240   619   1077   300   116   401   1016   365   313   554   5   736   185   238   332   133   16   521   145   642   782   1066   306   178   143   508   1696   599   141   374   706   1044   475   916   992   39   32   230   975   146   326   496   131   577   314   41   1220   209   1216   924   538   846   218   1095   152   388   182   560   108   187   298   442   280   442   131   525   73   990   439   371   19   5   111   430   40   394   127   443   80   1147   1105   484   176   1189   1122   1077   157   481   1080   511   1161   1063   466   591   103   926   569   437   1154   1024   441   160   609   555   701   372   173   519   1148   557   147   150   423   1142   151   131   788   124   394   1056   133   379   171   438   891   
