150
0   1022   1034   308   27   1   462   117   452   221   1706   594   1129   125   578   1096   0   126   143   594   919   1103   460   121   382   63   591   36   1032   126   348   808   151   136   409   675   135   138   434   155   166   413   1188   200   998   72   368   163   436   71   1104   128   609   535   131   774   166   393   90   596   532   1073   463   120   82   451   687   203   120   143   67   1141   650   618   153   504   347   371   117   174   118   103   585   157   368   957   1126   0   540   591   143   122   337   1107   1017   116   140   69   128   438   1068   530   152   1046   107   987   456   1156   251   1048   419   366   701   211   97   119   733   585   520   43   420   429   465   1009   587   646   465   82   112   126   755   723   399   44   16   1709   912   71   387   177   21   107   390   1021   90   1623   335   446   240   32   
1022   0   39   46   77   70   82   134   417   612   932   141   190   1697   427   298   361   186   503   1197   30   799   128   1130   27   131   132   181   1070   429   555   356   218   326   508   128   1679   1048   27   84   989   590   58   36   979   681   0   23   1105   364   497   110   103   1184   915   20   973   883   530   163   471   182   683   771   856   220   1080   159   104   272   146   721   497   18   159   174   217   116   376   84   1172   1154   171   178   580   69   106   523   807   165   130   132   153   240   388   354   354   119   724   47   194   86   1087   540   151   413   676   1067   553   1136   191   1204   145   370   400   168   826   134   133   103   304   535   389   923   124   499   586   531   1248   650   1012   385   570   254   529   924   43   1194   910   99   93   684   34   64   1018   518   145   350   1217   1017   
1034   39   0   185   280   702   544   392   812   182   12   217   983   305   591   37   546   562   643   132   62   1044   32   152   204   96   158   92   156   692   79   346   16   27   1149   723   546   161   918   131   485   387   1114   699   704   125   975   557   527   556   274   304   453   647   0   676   216   161   1068   1170   573   399   932   148   1122   465   1103   548   1771   203   897   552   473   270   316   1053   282   550   285   534   1660   332   1086   143   165   15   1120   0   1017   58   162   539   328   1189   223   1727   247   688   558   4   96   412   13   1155   422   1028   123   328   539   1015   13   120   692   537   68   511   344   517   290   1182   27   294   1151   325   463   195   1095   546   687   1024   705   522   447   144   115   68   496   1033   627   156   226   534   64   997   96   271   1081   591   227   462   
308   46   185   0   90   1197   343   228   315   220   461   1179   582   368   273   134   1201   447   460   1019   293   439   1160   1182   12   525   334   526   1231   112   487   542   529   1185   904   462   142   179   200   465   990   101   658   44   618   969   699   145   721   672   100   989   17   413   86   656   179   1032   1032   162   560   614   5   154   428   255   348   360   558   50   937   273   443   1096   117   1095   1128   174   778   367   1204   1049   110   463   389   1027   72   326   394   100   1182   249   489   442   675   34   223   1130   418   85   311   684   156   425   605   182   474   44   115   368   916   935   400   296   573   1033   251   846   919   1179   1028   750   53   330   337   997   519   50   125   713   405   577   145   1073   0   112   51   548   456   1066   345   342   1027   287   211   19   547   546   162   74   
27   77   280   90   0   803   469   1068   477   191   196   1096   373   108   571   155   230   24   145   138   105   982   219   1727   144   471   34   165   855   256   27   1728   415   152   164   358   1058   1093   456   1013   152   83   637   1101   113   91   225   1102   433   34   312   138   1008   762   124   329   285   363   107   15   178   346   328   1124   510   1094   132   499   355   328   1139   1170   330   25   323   387   335   23   380   129   516   418   667   12   557   407   82   723   134   219   1106   706   473   270   1147   57   576   1087   45   19   1190   151   376   217   111   678   132   58   1077   121   387   991   632   132   588   1030   223   380   370   130   151   171   986   511   172   626   343   1017   534   94   846   160   129   14   1060   1009   677   421   496   90   966   376   302   165   235   980   390   145   410   537   
1   70   702   1197   803   0   1017   449   71   593   14   193   308   437   594   927   897   458   992   622   143   87   138   179   358   145   431   982   1079   1172   7   27   476   427   446   919   131   762   561   191   1206   109   532   205   169   971   420   625   157   139   1195   361   1189   1074   1008   637   407   106   46   58   721   351   412   92   122   135   454   20   175   435   41   432   587   383   113   261   715   9   1776   371   709   1216   1039   42   139   273   96   373   546   163   402   501   1046   77   548   542   339   767   446   580   145   41   497   514   860   16   137   331   1616   44   206   156   142   678   92   130   755   443   967   1174   1749   119   275   335   41   456   125   1042   526   23   119   547   338   1061   107   754   315   979   147   474   913   542   12   1137   191   1107   760   45   650   101   
462   82   544   343   469   1017   0   331   695   639   154   146   460   394   285   1189   1143   220   82   12   625   162   155   404   705   514   590   654   405   32   36   390   550   379   384   305   136   126   466   549   723   789   396   82   524   87   240   1064   763   67   316   235   766   1052   1116   880   407   525   1207   168   0   209   102   35   162   1061   740   89   916   595   504   99   438   487   395   983   140   50   43   194   1264   107   511   621   799   23   1118   117   1048   151   1075   1080   1180   1174   772   995   183   363   1131   306   1050   551   356   398   723   207   558   142   15   409   767   383   138   114   401   1028   278   324   378   1098   143   179   129   1695   1060   860   0   466   38   568   1087   87   518   807   781   459   221   1065   758   549   90   531   158   550   403   617   1112   472   1021   1145   
117   134   392   228   1068   449   331   0   516   190   126   1831   50   175   507   530   210   234   405   106   228   1093   337   952   489   379   328   1237   1194   375   678   122   35   65   167   1185   643   91   221   34   149   0   141   1000   976   55   846   598   42   355   279   236   1676   373   207   128   48   586   891   128   250   591   468   553   1048   172   27   713   227   156   336   103   1066   255   1137   39   330   795   624   489   218   399   591   140   75   1020   163   103   1080   315   0   1138   527   211   25   511   151   7   172   757   126   171   424   133   1184   795   147   1783   487   304   592   302   534   772   331   605   43   190   1082   580   976   80   747   0   605   192   167   984   422   163   1211   1082   674   202   106   1189   436   61   1075   372   145   540   1020   1172   1027   544   354   878   113   588   
452   417   812   315   477   71   695   516   0   23   164   1061   118   20   44   910   624   1113   813   425   588   582   205   387   126   891   41   596   87   295   0   427   151   339   153   394   220   831   1100   760   249   694   110   597   210   1179   516   845   142   864   430   787   472   156   490   1161   1705   559   383   11   1085   1092   9   382   6   330   82   273   225   477   133   1239   761   312   1079   589   486   150   645   99   147   1028   523   1197   113   27   322   398   516   211   27   0   676   760   465   238   692   1188   271   447   951   307   540   240   189   971   421   524   423   598   340   586   428   458   1095   1009   365   497   53   591   384   474   192   151   164   869   1033   970   308   258   125   835   146   351   221   400   325   653   269   336   145   563   184   447   74   1648   217   162   29   0   
221   612   182   220   191   593   639   190   23   0   517   525   149   0   1089   279   979   425   214   181   787   532   1083   546   806   1223   954   375   143   511   407   532   591   661   519   138   154   274   1019   689   228   89   497   315   91   310   464   332   715   225   326   1130   112   1771   69   205   311   104   437   18   140   172   90   161   583   789   18   417   542   1216   1129   322   273   1651   422   999   368   714   80   313   1803   62   1042   1059   623   675   800   236   520   701   1112   110   387   469   167   302   167   487   637   706   556   297   546   597   456   19   438   134   1084   16   139   461   292   196   508   659   683   1159   1066   1120   217   271   153   112   163   513   896   508   0   112   39   96   682   235   217   588   209   313   1113   71   349   52   129   128   527   434   390   441   487   75   
1706   932   12   461   196   14   154   126   164   517   0   214   145   24   109   139   458   330   19   1047   93   397   315   1106   22   1046   267   67   120   176   407   318   1025   423   881   218   73   1016   505   126   330   592   373   660   360   415   1216   207   0   195   973   1019   239   90   186   1083   81   1032   1003   171   577   560   136   129   225   1004   461   122   1136   428   316   472   908   154   1165   134   514   96   125   971   1089   62   155   362   119   659   345   77   636   105   133   166   800   527   1082   472   1116   1679   667   187   171   1000   71   949   112   1145   423   165   1027   210   32   6   752   476   347   1072   1105   1163   481   271   557   356   302   462   539   223   722   287   64   298   204   534   555   296   224   653   640   677   378   175   42   14   1144   131   1211   292   508   677   423   69   
594   141   217   1179   1096   193   146   1831   1061   525   214   0   1000   172   413   594   159   202   55   776   72   217   337   254   207   912   653   1240   454   1073   1222   155   324   94   569   469   182   1185   524   368   408   94   1028   1724   286   158   272   564   1109   333   135   996   1061   740   564   796   1011   446   308   564   79   44   1196   64   1088   45   468   437   907   115   657   461   24   67   527   800   494   776   546   1037   418   544   637   150   1178   979   728   1026   1073   308   132   631   144   151   1049   175   144   92   719   766   42   911   625   46   1714   437   285   44   113   145   158   1028   951   81   742   210   643   1119   324   101   644   116   745   956   678   637   437   143   257   283   372   318   587   554   382   179   1211   21   638   394   1061   580   101   157   1146   135   108   241   455   507   
1129   190   983   582   373   308   460   50   118   149   145   1000   0   611   136   532   1718   487   539   170   1114   495   322   1218   643   506   451   1098   45   280   876   1066   0   1193   37   519   381   534   102   467   87   108   22   133   652   595   97   10   1061   18   748   23   841   124   42   948   933   129   557   240   447   1190   1045   141   159   1009   534   160   995   84   105   454   41   631   203   167   372   155   455   378   1067   235   71   527   21   178   305   1638   92   523   30   1162   275   1150   183   505   98   44   1077   376   1050   254   1004   114   820   44   535   5   691   1029   60   496   127   409   812   1079   482   145   660   158   346   592   598   138   755   31   159   0   147   478   462   519   1174   1208   698   117   502   55   112   411   591   1064   190   309   873   292   555   63   735   1174   
125   1697   305   368   108   437   394   175   20   0   24   172   611   0   464   194   841   409   423   618   151   807   211   379   474   81   470   302   258   1197   1061   273   532   109   1188   252   344   1073   994   449   1105   140   61   1013   1103   588   1086   434   328   144   216   292   657   434   395   70   75   399   104   36   60   1190   1222   1127   203   630   554   1150   764   1188   996   513   322   481   585   210   625   561   846   118   156   292   1750   576   106   1141   856   210   116   164   118   1080   845   137   133   715   70   36   149   1206   1004   591   15   438   1073   367   389   203   546   532   552   392   639   627   466   22   96   1021   492   467   168   134   400   698   510   716   115   640   651   1130   77   142   540   178   1017   138   1016   904   131   157   131   298   115   159   430   182   0   230   1230   77   
578   427   591   273   571   594   285   507   44   1089   109   413   136   464   0   5   1000   283   1114   156   235   588   132   557   211   1116   376   292   1108   923   253   135   510   687   221   27   71   10   622   532   52   245   117   216   108   394   271   30   37   1257   73   72   150   672   60   554   526   415   596   706   916   525   682   119   86   318   96   493   1214   1058   300   474   143   212   5   33   144   53   133   458   1087   0   404   618   1152   440   694   83   1098   363   571   242   458   913   287   1037   78   686   575   375   302   938   383   34   474   710   72   383   239   350   195   91   144   30   1024   990   159   1073   1020   32   504   242   1139   112   517   734   1162   437   625   127   1643   508   688   362   398   148   1107   562   711   1159   631   103   1201   107   1024   110   1130   36   846   1138   
1096   298   37   134   155   927   1189   530   910   279   139   594   532   194   5   0   88   334   345   625   562   1102   367   1013   1065   1118   103   1139   1207   197   472   383   90   549   341   165   397   740   1062   700   23   108   67   367   949   3   1074   327   339   1037   333   333   162   434   988   945   104   386   457   598   181   1102   626   776   434   211   1026   476   435   392   1050   176   148   404   30   1018   147   0   174   1050   1657   207   656   0   144   312   409   162   1125   20   82   1073   337   1162   699   15   369   155   203   897   192   311   131   129   73   19   92   810   30   1037   690   35   619   0   599   1024   200   416   511   65   49   506   332   932   155   238   228   523   0   392   38   1004   188   976   544   113   1025   40   388   534   503   1771   11   134   595   222   399   581   166   675   
0   361   546   1201   230   897   1143   210   624   979   458   159   1718   841   1000   88   0   1189   1222   491   1108   65   307   158   1037   32   292   154   249   373   127   14   1197   384   15   715   538   33   152   279   1053   1220   432   17   556   229   541   1196   214   398   89   1098   878   474   598   84   110   742   507   1267   347   617   147   548   395   82   539   1105   454   13   1738   976   397   1018   947   1107   1020   774   936   274   324   1188   918   1230   1022   524   460   1106   244   333   492   160   778   374   112   174   861   591   133   1001   1119   474   173   365   318   952   454   1171   337   366   810   23   0   396   465   992   1190   492   857   20   146   137   1188   1718   532   157   723   58   401   1026   161   830   149   1669   137   596   225   343   90   320   25   151   56   75   127   933   405   1657   1038   207   
126   186   562   447   24   458   220   234   1113   425   330   202   487   409   283   334   1189   0   436   374   641   504   384   433   135   5   0   1102   306   565   1064   292   224   113   71   460   981   799   178   951   401   158   1618   219   1088   309   133   337   754   618   534   139   486   461   124   72   619   100   859   589   418   492   399   1170   129   91   552   1137   157   144   145   173   1077   587   460   468   478   67   375   285   120   432   562   273   116   997   14   103   1080   587   134   318   134   143   150   97   119   259   517   135   695   203   550   69   133   223   61   0   133   140   149   1066   176   1072   41   100   456   552   881   1180   463   634   80   165   1161   1230   712   742   85   91   303   1059   372   530   1090   378   826   86   633   568   983   513   600   142   377   536   34   100   1065   1084   
143   503   643   460   145   992   82   405   813   214   19   55   539   423   1114   345   1222   436   0   135   1068   419   329   164   1066   436   1094   570   132   115   98   618   829   145   1089   64   750   509   57   27   28   182   1059   137   569   690   806   142   92   458   42   37   333   510   206   318   1044   117   712   405   1018   1220   593   152   425   145   1050   535   76   88   343   152   510   137   14   932   1032   144   1646   917   4   1093   148   1011   100   851   115   502   1783   61   129   375   87   1170   298   258   395   957   1143   174   139   72   439   167   1034   92   280   779   401   171   250   257   394   546   580   125   479   487   27   527   1233   138   991   690   678   149   50   263   358   880   1105   207   827   6   653   159   27   979   1132   223   386   52   636   1018   70   378   957   113   405   323   
594   1197   132   1019   138   622   12   106   425   181   1047   776   170   618   156   625   491   374   135   0   0   553   1066   490   1066   534   129   540   25   639   248   523   98   143   653   98   763   77   373   618   736   1679   334   47   150   1207   1084   519   1090   1090   706   319   539   1067   487   199   156   346   18   109   146   493   428   166   0   611   93   438   37   101   1267   376   532   159   219   627   1024   1765   472   315   437   873   128   316   143   226   1782   430   393   1062   117   217   562   763   19   12   1099   287   19   591   275   518   1048   1206   115   81   104   691   1162   549   426   138   175   553   311   107   162   5   999   23   437   1592   114   167   243   1034   748   503   173   297   1122   808   46   552   750   58   913   937   132   1102   336   935   174   547   148   196   131   1066   351   516   
919   30   62   293   105   143   625   228   588   787   93   72   1114   151   235   562   1108   641   1068   0   0   501   203   687   417   757   120   483   133   0   131   99   295   371   9   580   145   99   30   123   379   75   554   155   156   81   182   404   160   1080   0   653   137   1108   303   321   96   57   114   87   272   153   79   3   1077   23   30   683   1084   324   590   1011   1124   25   48   531   133   1724   1006   52   534   621   568   120   367   454   446   1169   88   562   497   151   322   1103   1000   151   160   353   540   916   164   333   330   487   547   302   167   845   1749   465   456   145   1113   698   89   902   38   472   146   92   21   1037   1162   225   60   272   62   341   1076   97   321   457   177   417   240   582   987   622   22   570   421   524   123   419   588   530   480   472   19   788   
1103   799   1044   439   982   87   162   1093   582   532   397   217   495   807   588   1102   65   504   419   553   501   0   154   152   364   1127   67   303   352   430   16   29   522   238   1073   138   124   374   618   96   1102   59   436   430   608   412   92   700   184   62   345   226   1142   57   627   131   155   217   347   510   26   373   757   645   457   24   91   0   1078   162   1243   155   527   178   312   317   573   139   537   194   748   516   15   100   639   327   404   210   690   651   393   546   14   388   1616   1119   551   557   636   327   122   218   85   1025   175   1257   981   145   323   152   1068   159   1749   25   326   481   451   427   1068   94   806   746   35   157   733   573   522   1073   1084   638   1038   1064   772   448   474   51   327   74   947   235   1124   685   544   932   18   190   927   1144   211   688   
460   128   32   1160   219   138   155   337   205   1083   315   337   322   211   132   367   307   384   329   1066   203   154   0   89   1031   115   1068   15   125   513   109   1045   974   55   1775   255   1718   35   1084   439   1122   14   210   317   577   447   650   354   213   621   1206   134   735   1154   1102   102   1130   17   142   90   895   1026   363   71   296   48   129   487   271   88   110   184   307   534   142   792   597   1026   99   20   174   142   137   92   367   383   755   1189   163   388   408   129   245   1094   113   422   423   339   115   379   752   366   31   89   97   1148   499   527   153   225   360   174   479   1151   12   691   969   245   104   1189   110   978   0   127   950   77   754   1102   1196   272   82   109   357   142   477   113   1194   64   513   192   174   136   1765   808   392   1128   390   596   92   1119   
121   1130   152   1182   1727   179   404   952   387   546   1106   254   1218   379   557   1013   158   433   164   490   687   152   89   0   351   513   196   546   842   271   127   164   387   1046   131   106   89   176   71   1066   1216   64   63   484   472   1074   211   103   190   754   1195   81   851   598   1049   475   1146   114   332   1193   55   988   324   396   366   1001   1168   139   313   171   968   264   160   72   761   387   220   556   1016   580   23   661   557   155   150   458   455   1149   205   970   68   128   160   389   806   479   626   525   615   217   554   75   399   131   538   99   6   1266   633   32   750   128   1022   364   167   200   882   82   472   691   683   456   407   153   151   1086   296   31   266   435   716   546   1066   196   774   229   522   1002   657   171   718   458   59   171   428   1196   91   35   336   147   
382   27   204   12   144   358   705   489   126   806   22   207   643   474   211   1065   1037   135   1066   1066   417   364   1031   351   0   436   621   519   783   617   689   653   1145   999   236   356   318   473   57   815   241   508   896   161   721   42   170   957   219   389   463   403   1753   205   684   223   459   670   12   337   23   190   935   138   1016   1066   407   20   1179   221   330   1197   141   1180   1253   1102   32   226   553   1060   149   1025   41   0   684   196   19   163   702   270   153   516   143   17   954   82   46   499   416   150   25   179   57   414   128   512   190   223   57   569   538   559   172   455   1068   591   107   448   593   947   571   94   27   546   114   145   539   98   496   611   346   1638   768   313   336   307   696   524   572   132   225   558   904   455   132   171   1243   661   122   223   
63   131   96   525   471   145   514   379   891   1223   1046   912   506   81   1116   1118   32   5   436   534   757   1127   115   513   436   0   324   374   457   297   384   19   1783   0   549   1130   1060   98   54   120   313   190   446   730   1202   499   205   1205   206   51   202   328   57   617   527   504   220   1190   25   305   376   217   118   553   563   203   531   1028   571   536   740   721   422   866   57   428   409   576   441   1170   0   938   112   210   173   38   593   1009   393   464   14   293   170   129   1018   91   833   104   1279   123   157   128   114   405   499   111   126   477   417   1080   144   13   372   9   945   129   274   757   1011   470   64   1169   189   296   211   19   456   60   570   655   969   61   428   52   141   617   553   1019   440   161   599   1122   177   1025   551   146   326   624   244   1030   
591   132   158   334   34   431   590   328   41   954   267   653   451   470   376   103   292   0   1094   129   120   67   1068   196   621   324   0   507   98   354   1102   360   312   562   1001   176   549   1122   192   68   245   1102   409   235   378   508   835   976   20   166   20   345   659   145   218   206   18   5   455   591   540   591   553   463   98   159   767   1102   519   330   166   1   122   813   135   1049   789   146   18   603   309   636   519   162   1175   94   372   636   144   145   231   915   384   168   156   170   458   154   441   132   155   455   159   112   379   166   228   378   437   557   162   1062   485   163   257   699   387   556   1725   1701   345   552   127   12   1037   80   674   615   71   50   19   619   551   727   151   525   554   661   1044   141   985   530   1072   94   299   502   618   387   140   53   
36   181   92   526   165   982   654   1237   596   375   67   1240   1098   302   292   1139   154   1102   570   540   483   303   15   546   519   374   507   0   203   1721   135   112   167   98   1153   170   1104   156   611   58   189   370   126   293   519   888   364   81   1223   323   539   114   611   190   204   534   42   379   553   599   173   364   996   360   474   226   46   170   122   395   127   721   1618   536   166   543   754   714   135   42   1120   32   59   406   19   556   54   137   513   985   991   524   549   188   285   98   511   521   19   53   504   625   1088   10   1145   176   15   312   761   737   1061   552   743   62   211   119   540   1138   1050   546   139   241   657   594   1026   642   1108   587   910   210   585   982   27   162   519   603   524   158   585   643   112   326   325   519   532   96   132   383   1061   353   
1032   1070   156   1231   855   1079   405   1194   87   143   120   454   45   258   1108   1207   249   306   132   25   133   352   125   842   783   457   98   203   0   92   125   171   174   90   43   474   514   803   0   222   433   956   14   85   460   801   1153   1191   433   177   437   214   394   163   1049   156   575   278   352   910   1188   472   1103   209   126   441   23   23   360   153   938   213   32   167   143   72   1096   322   1196   392   430   1090   1061   789   406   532   172   437   30   140   389   777   528   519   1018   561   64   114   1012   139   1076   437   919   987   272   1214   511   490   162   1174   164   223   772   289   734   132   334   998   937   794   443   64   1128   545   57   995   980   437   518   82   1180   200   1169   75   86   976   1226   1000   12   142   1193   207   96   748   1013   99   9   191   841   121   
126   429   692   112   256   1172   32   375   295   511   176   1073   280   1197   923   197   373   565   115   639   0   430   513   271   617   297   354   1721   92   0   119   910   1119   517   302   119   1108   1001   1080   38   104   20   640   1024   1038   806   48   149   410   1220   87   630   19   141   41   1073   5   448   128   454   1191   81   163   34   1109   778   499   529   83   134   555   137   313   61   560   32   127   1077   216   406   423   208   23   1136   73   331   374   159   321   400   89   137   405   1174   1080   1045   198   916   305   25   1205   82   0   270   80   650   800   171   141   127   656   18   290   1030   1028   427   129   87   271   941   748   216   803   461   133   612   117   295   570   503   976   206   418   1009   132   412   1155   430   842   179   224   1066   462   355   452   1709   519   625   11   130   
348   555   79   487   27   7   36   678   0   407   407   1222   876   1061   253   472   127   1064   98   248   131   16   109   127   689   384   1102   135   125   119   0   422   857   1099   223   970   415   1204   115   30   590   381   573   551   913   1144   34   524   133   235   428   135   137   724   110   1028   565   1233   374   286   283   1044   499   505   204   1130   68   527   487   1088   595   358   110   1115   372   846   48   223   96   1808   209   128   57   176   516   735   111   1543   1132   118   157   1243   27   799   518   0   371   902   981   107   539   12   440   994   151   115   893   1127   102   313   638   107   1020   986   395   178   430   1078   220   149   313   103   1066   178   1000   636   439   159   537   747   1181   64   501   80   122   784   141   1037   553   1073   977   531   273   317   167   231   52   360   619   112   
808   356   346   542   1728   27   390   122   427   532   318   155   1066   273   135   383   14   292   618   523   99   29   1045   164   653   19   360   112   171   910   422   0   910   117   150   1237   997   127   938   528   514   473   353   345   1009   657   1100   645   750   134   14   86   485   59   123   369   175   497   1073   770   1054   0   1731   931   1240   517   1710   44   517   170   996   761   1079   1102   228   681   426   1107   271   135   626   750   133   521   566   486   60   530   602   75   812   555   175   113   27   588   551   153   321   163   436   133   53   92   171   322   171   1206   1135   400   1145   20   995   18   427   1031   472   15   618   17   200   653   218   238   719   360   118   128   212   527   102   447   419   174   519   1122   900   30   636   874   142   1056   219   157   723   713   44   112   158   347   
151   218   16   529   415   476   550   35   151   591   1025   324   0   532   510   90   1197   224   829   98   295   522   974   387   1145   1783   312   167   174   1119   857   910   0   71   960   129   7   509   1248   1543   1190   582   558   151   1004   400   179   1206   1208   1220   355   1139   538   335   94   107   138   359   128   176   158   257   525   131   1069   664   32   100   134   650   1101   1108   347   118   646   61   385   171   545   424   499   290   258   55   803   1200   287   18   443   167   138   622   47   569   0   324   360   532   537   657   204   1017   127   518   771   676   810   217   645   416   205   570   182   102   160   626   1831   720   41   1021   44   162   452   361   1056   196   414   24   586   0   519   396   395   165   652   1048   123   963   1156   19   482   1758   174   521   330   171   22   333   432   353   
136   326   27   1185   152   427   379   65   339   661   423   94   1193   109   687   549   384   113   145   143   371   238   55   1046   999   0   562   98   90   517   1099   117   71   0   62   101   1066   101   32   774   140   461   1130   31   510   1043   562   158   18   1638   132   150   107   318   191   51   148   757   1189   516   366   153   992   349   157   342   1   597   5   598   829   494   254   165   1023   621   100   524   48   99   244   530   143   1088   1205   56   38   74   159   1119   218   1050   378   146   523   1008   336   217   408   139   787   370   155   388   1049   168   314   137   179   157   131   92   138   95   57   399   1111   50   553   9   672   135   18   956   370   613   970   70   537   502   346   601   1090   106   93   640   907   428   427   355   1095   239   519   345   27   1179   318   302   1141   17   
409   508   1149   904   164   446   384   167   153   519   881   569   37   1188   221   341   15   71   1089   653   9   1073   1775   131   236   549   1001   1153   43   302   223   150   960   62   0   37   45   1068   114   467   507   477   37   272   124   1783   926   286   351   162   1657   177   882   553   1105   517   30   611   86   319   1129   639   211   159   1075   27   22   452   351   346   1233   15   187   562   525   891   374   57   0   164   137   837   62   55   1646   84   313   138   1045   16   163   49   1205   530   139   39   583   425   373   167   1037   1117   999   1124   657   467   568   456   115   371   165   0   1124   123   564   795   290   578   167   1141   1074   145   640   202   0   658   670   129   30   562   539   374   389   1118   1136   608   1018   135   124   1169   1180   1197   447   1000   1173   619   157   15   223   670   
675   128   723   462   358   919   305   1185   394   138   218   469   519   252   27   165   715   460   64   98   580   138   255   106   356   1130   176   170   474   119   970   1237   129   101   37   0   1103   8   969   96   525   147   767   201   154   1102   61   165   250   177   142   609   438   116   129   1251   400   297   472   44   716   795   119   322   1045   6   438   112   218   314   55   1023   92   449   907   524   1090   1161   27   167   385   837   826   290   373   21   655   384   1231   591   202   57   813   307   553   1210   508   187   1167   598   594   1034   358   168   119   138   594   194   497   578   327   57   439   937   1039   35   304   1106   1104   510   1106   952   1676   1104   550   286   595   561   151   114   46   56   1126   470   414   1016   951   546   864   13   170   144   145   423   119   408   195   179   895   119   
135   1679   546   142   1058   131   136   643   220   154   73   182   381   344   71   397   538   981   750   763   145   124   1718   89   318   1060   549   1104   514   1108   415   997   7   1066   45   1103   0   1026   457   459   524   1190   130   389   132   699   74   164   536   472   688   62   330   122   972   120   363   72   599   3   598   1066   90   290   143   549   1679   19   364   967   1052   0   502   134   443   778   74   178   608   469   1140   245   127   102   669   67   552   855   158   1197   808   1141   897   882   63   1053   1132   479   694   162   33   952   1081   1034   83   152   1646   102   598   123   0   1027   136   538   704   174   353   157   1077   147   150   1080   1094   573   57   446   151   326   1176   854   210   1216   336   1056   1581   474   681   375   136   298   656   113   1102   161   173   1036   702   62   130   525   
138   1048   161   179   1093   762   126   91   831   274   1016   1185   534   1073   10   740   33   799   509   77   99   374   35   176   473   98   1122   156   803   1001   1204   127   509   101   1068   8   1026   0   1033   1086   1059   413   626   128   118   275   316   138   20   226   23   651   108   534   519   125   553   111   1146   227   106   407   140   596   357   627   1709   182   240   20   316   360   152   248   69   514   1125   453   800   165   267   188   20   274   1129   437   0   239   1102   935   427   164   128   479   406   725   12   583   133   584   0   384   61   1616   50   492   64   991   1718   1077   942   363   764   133   41   104   588   671   1115   165   681   534   297   337   736   159   948   135   309   0   731   549   381   1191   120   1153   140   1154   313   734   126   334   539   313   812   119   1019   363   23   103   
434   27   918   200   456   561   466   221   1100   1019   505   524   102   994   622   1062   152   178   57   373   30   618   1084   71   57   54   192   611   0   1080   115   938   1248   32   114   969   457   1033   0   1102   133   439   165   591   143   24   282   46   4   181   456   147   923   612   250   464   608   108   125   789   667   915   281   74   832   541   467   561   116   499   168   311   372   556   1167   109   454   530   405   915   725   1196   98   490   18   1086   96   358   125   167   225   545   614   101   474   55   967   1005   586   534   400   474   159   71   980   441   1   36   1176   1119   552   1098   44   698   1032   795   502   182   1048   1025   275   95   1046   384   72   372   155   330   175   11   71   397   68   1223   532   15   179   138   991   772   544   386   469   404   422   1251   542   1050   112   1064   
155   84   131   465   1013   191   549   34   760   689   126   368   467   449   532   700   279   951   27   618   123   96   439   1066   815   120   68   58   222   38   30   528   1543   774   467   96   459   1086   1102   0   1220   674   1073   543   93   347   927   1030   135   456   1160   926   830   219   92   1104   1046   719   1100   168   1088   224   198   1078   1016   48   473   781   1240   93   57   497   1189   713   776   110   1226   245   649   428   216   371   144   44   175   280   162   158   164   150   151   115   98   153   367   85   515   109   107   1158   18   229   240   75   23   226   39   1155   516   459   418   552   701   9   324   411   1156   1110   337   1048   646   1149   473   576   591   457   163   831   1079   736   525   454   538   566   493   975   954   471   110   0   427   1202   295   636   419   369   619   931   656   88   
166   989   485   990   152   1206   723   149   249   228   330   408   87   1105   52   23   1053   401   28   736   379   1102   1122   1216   241   313   245   189   433   104   590   514   1190   140   507   525   524   1059   133   1220   0   444   1185   67   355   157   582   525   394   389   133   220   642   269   255   1038   59   225   55   137   100   16   332   578   460   1185   423   737   383   135   838   813   378   101   6   1113   364   556   560   146   164   1038   435   594   1044   131   617   1172   119   266   986   387   339   527   123   996   218   374   322   897   974   144   326   618   558   471   168   1069   492   837   1068   787   0   327   413   223   132   161   219   688   730   7   173   1243   306   792   247   41   910   229   718   1077   147   370   451   781   1156   615   27   381   519   674   162   1250   115   502   486   132   397   136   
413   590   387   101   83   109   789   0   694   89   592   94   108   140   245   108   1220   158   182   1679   75   59   14   64   508   190   1102   370   956   20   381   473   582   461   477   147   1190   413   439   674   444   0   1077   99   539   388   1145   375   190   93   549   1026   162   64   1731   1029   1205   430   1116   1   200   544   280   1028   1076   636   796   33   354   455   1145   394   782   1016   729   280   34   941   31   140   546   112   106   1646   117   1080   1117   969   345   443   659   175   452   558   138   437   79   536   1052   148   670   592   513   404   145   135   8   231   36   454   112   150   1145   0   194   52   1125   1155   1149   106   153   128   636   230   503   87   145   558   352   225   1709   307   1016   131   364   37   554   981   1120   967   211   691   90   528   394   608   418   503   546   92   
1188   58   1114   658   637   532   396   141   110   497   373   1028   22   61   117   67   432   1618   1059   334   554   436   210   63   896   446   409   126   14   640   573   353   558   1130   37   767   130   626   165   1073   1185   1077   0   336   287   524   185   327   82   1116   755   470   500   313   1180   636   306   388   535   147   116   337   181   133   387   538   549   1035   542   104   565   74   39   323   171   129   757   419   1809   511   230   373   564   286   681   27   1010   191   424   374   1076   161   499   68   13   168   82   122   987   1038   362   205   200   541   1222   154   1012   542   77   90   305   304   1120   46   105   541   193   241   386   432   595   49   88   374   144   502   398   12   546   299   459   1118   1657   128   977   1027   107   220   1146   812   1749   510   464   486   436   1112   378   688   1140   316   
200   36   699   44   1101   205   82   1000   597   315   660   1724   133   1013   216   367   17   219   137   47   155   430   317   484   161   730   235   293   85   1024   551   345   151   31   272   201   389   128   591   543   67   99   336   0   235   16   373   19   1110   164   1189   552   1190   1065   708   92   1216   986   1214   143   211   254   1103   185   439   302   904   153   11   292   64   1077   427   138   175   98   1230   318   531   1018   454   160   130   1724   560   374   143   539   734   537   306   114   1189   422   418   1592   153   1231   55   218   1172   1080   546   161   394   642   323   344   1705   55   511   1238   163   266   456   122   1   1695   68   0   128   111   557   1162   512   408   566   0   1116   136   190   371   1139   15   402   72   1090   322   387   159   363   250   1067   558   112   1156   311   179   740   219   
