150
0   59   968   162   430   214   326   532   1057   569   175   392   1168   0   674   27   375   7   330   392   982   1022   532   126   116   290   207   539   130   1080   68   175   624   554   793   551   603   139   315   102   365   146   14   476   175   113   1024   128   235   398   499   151   712   162   110   60   1230   1721   586   75   15   267   967   315   431   1057   431   1009   71   135   989   1011   304   0   129   951   1058   152   1068   0   692   670   1808   409   411   1044   143   0   1167   27   9   0   632   1153   243   137   43   72   381   1131   552   438   456   646   1048   175   750   718   521   67   178   171   140   1106   878   1067   313   14   891   90   1045   305   280   700   742   36   144   664   679   1033   435   569   409   159   337   415   341   618   778   1172   1189   1189   1022   53   371   779   432   1097   6   487   
59   0   433   682   136   44   431   1004   1050   575   137   532   476   181   589   425   1155   111   398   432   789   398   625   426   700   393   173   812   1052   593   218   682   654   343   432   42   203   838   321   556   102   87   11   956   352   439   127   428   455   983   1202   130   119   330   541   316   611   637   61   320   670   1056   15   778   608   440   136   225   1156   1806   145   68   498   150   331   326   357   1075   371   1042   108   164   104   1148   122   158   568   1751   106   326   396   443   210   1266   859   780   555   1142   546   539   1098   1   364   1009   1110   48   617   1070   152   153   969   292   504   388   505   130   42   136   216   219   622   121   231   1765   394   120   1750   437   145   568   155   63   15   433   547   296   164   713   532   1068   300   123   1175   423   683   54   517   991   438   1062   
968   433   0   128   496   245   977   527   25   142   225   625   702   1046   35   0   153   1195   1194   181   1175   356   712   373   128   167   401   678   638   682   443   400   274   686   1749   937   289   117   136   394   1024   661   470   911   165   138   1038   392   995   171   467   0   100   1113   442   126   142   1700   996   1731   27   1143   1102   926   539   273   411   287   137   148   750   303   142   487   127   603   157   571   85   292   82   1028   124   771   549   355   82   12   163   974   76   522   596   463   358   505   1103   175   882   71   97   1142   143   598   138   510   474   969   328   151   167   524   150   409   20   976   513   174   556   1074   55   1027   129   936   545   550   652   119   87   193   354   447   113   636   1024   292   618   1086   498   979   571   286   169   161   167   479   241   315   446   1117   
162   682   128   0   227   1222   550   901   1023   170   277   492   111   199   328   1008   180   932   416   304   337   306   32   187   144   876   395   23   422   152   116   1   93   143   594   1117   128   555   90   147   1028   713   1122   54   130   940   911   18   938   503   400   439   881   519   1   527   89   455   776   1167   830   456   650   86   1004   327   88   458   123   624   1108   73   907   62   8   181   104   113   178   433   71   1018   522   25   44   549   183   1181   13   22   1074   153   145   136   1002   927   549   34   159   148   269   175   450   35   613   404   438   510   92   447   681   354   39   273   218   129   688   1080   166   120   382   562   388   966   575   1013   191   90   35   434   151   384   89   439   12   375   504   532   178   1014   531   324   1017   112   85   706   510   159   387   136   
430   136   496   227   0   1126   669   713   46   1098   239   1613   181   6   203   165   103   860   1138   1086   343   93   267   119   132   1083   128   518   636   445   929   795   946   1206   459   422   554   146   794   46   1132   1145   619   1017   67   531   581   932   177   368   62   972   321   549   379   1105   396   375   175   13   883   226   597   486   1079   479   303   119   82   1187   556   29   93   177   366   95   112   214   425   691   383   438   964   146   396   153   686   36   532   675   1724   146   902   22   38   309   390   186   314   1237   428   555   479   42   1150   190   1073   1175   571   126   374   1111   308   92   1067   75   158   46   177   391   209   64   810   211   40   165   173   243   597   436   1144   975   186   628   1034   1028   437   1189   265   661   116   508   272   948   489   381   481   18   1207   1240   
214   44   245   1222   1126   0   347   189   594   684   1185   1169   382   110   37   458   260   263   922   180   263   101   39   329   383   598   403   1230   55   90   107   301   1657   419   87   218   393   86   1090   130   893   474   971   329   691   110   127   177   370   466   114   409   701   23   1230   174   576   347   546   67   135   447   491   394   34   646   322   450   1080   864   13   72   146   1035   392   603   31   570   81   377   678   461   316   144   534   328   1021   44   74   423   502   712   782   189   145   1   546   120   507   12   93   519   355   482   723   631   461   857   584   315   373   1180   570   987   368   419   98   221   970   51   132   260   1174   454   141   340   1122   849   137   545   686   521   1110   160   106   496   1174   104   401   165   673   283   454   551   112   544   23   227   225   240   
326   431   977   550   669   347   0   1190   613   1127   1044   94   1022   719   149   146   323   599   305   941   1076   355   92   271   574   171   296   325   49   1047   590   1170   621   1127   397   590   172   0   190   455   598   405   209   168   386   392   257   473   25   151   174   380   9   1279   401   1173   184   151   124   682   504   1237   0   1146   933   1201   427   710   137   18   1141   463   514   241   506   202   533   77   545   1061   653   964   16   909   303   127   615   407   946   642   632   136   85   1120   766   306   157   487   29   0   155   1102   136   0   36   645   220   228   1094   477   755   447   79   96   636   366   504   1237   347   48   148   1179   36   966   225   723   131   294   416   971   186   101   461   122   5   74   947   61   504   496   206   464   1189   625   292   576   15   120   456   174   
532   1004   527   901   713   189   1190   0   92   142   512   423   225   84   991   1136   472   394   459   1073   562   952   112   144   145   449   596   366   190   27   423   1194   79   87   611   134   1077   548   680   596   719   214   235   541   282   718   624   117   759   102   139   585   1175   686   936   553   383   13   1155   591   66   803   1698   508   976   1099   1025   80   158   1194   71   82   367   508   404   864   531   14   139   75   343   990   14   532   1067   592   594   296   793   609   347   637   1142   171   174   752   558   107   486   69   519   387   148   678   1153   585   4   110   330   987   55   1097   422   626   27   332   159   138   234   1   390   159   145   1024   332   409   351   218   191   505   312   234   308   140   525   455   86   307   389   537   1138   99   1140   976   174   787   383   492   269   583   
1057   1050   25   1023   46   594   613   92   0   351   279   314   419   110   215   1188   155   1113   619   201   216   123   451   93   7   720   519   392   366   64   876   896   534   332   166   165   1065   516   269   12   56   1062   459   151   116   492   75   53   924   416   123   151   21   19   19   1158   167   71   1037   211   937   705   37   122   211   678   1646   328   1058   1147   152   1200   11   32   486   378   1028   153   374   569   146   1026   481   171   32   430   102   511   90   1165   609   1039   447   129   428   608   517   400   166   506   766   70   1087   617   463   131   1149   131   329   454   40   62   550   243   1139   713   135   46   645   475   91   695   19   474   104   569   223   0   946   461   138   656   133   1231   161   17   362   224   456   936   43   655   947   75   1048   169   115   897   1032   1700   
569   575   142   170   1098   684   1127   142   351   0   166   134   333   531   20   1064   1077   154   324   812   915   645   175   1011   31   598   384   566   969   162   342   54   583   112   699   127   18   393   240   281   400   1160   621   258   155   373   347   860   1031   1709   27   984   271   195   158   21   280   643   929   52   1077   84   971   458   1050   594   376   1122   210   562   1781   57   204   97   112   1048   407   131   494   1   973   910   849   1017   276   1060   1125   1026   182   539   438   430   568   423   94   999   1188   200   117   562   222   85   630   575   1098   1216   539   120   423   748   349   1752   647   680   566   556   25   49   98   24   115   1197   216   223   1132   85   585   510   131   378   0   594   643   380   1051   1197   1237   52   684   740   25   226   384   897   211   315   45   1042   108   221   
175   137   225   277   239   1185   1044   512   279   166   0   382   587   56   210   486   115   114   530   242   220   180   1180   951   157   458   436   78   598   722   524   632   900   329   36   119   374   423   381   1197   172   396   181   918   258   165   146   327   8   302   400   163   403   132   111   442   221   455   1049   573   1197   766   1054   598   128   1018   90   472   114   146   57   715   489   270   82   1004   416   97   0   792   1240   118   1088   249   490   300   652   650   207   1023   423   347   91   245   13   14   117   36   49   140   1623   556   618   159   81   112   374   485   1017   981   100   17   190   112   502   219   126   31   838   626   389   394   127   807   242   158   550   687   365   514   171   505   734   420   318   155   708   1182   304   190   332   1086   1623   335   152   228   923   51   374   37   
392   532   625   492   1613   1169   94   423   314   134   382   0   534   1099   518   392   1233   292   586   53   385   1105   80   433   85   177   1197   53   847   451   1592   19   416   733   123   424   35   134   131   1024   532   670   108   799   417   527   1189   32   17   1060   366   1775   1080   582   433   220   336   507   1233   1090   71   467   72   77   1005   65   1698   151   384   1187   559   380   496   758   296   1000   396   23   1665   315   1167   1114   159   151   96   1077   1024   189   12   1156   40   224   1077   369   183   183   138   360   1071   312   191   1138   138   113   1140   144   1031   467   418   18   503   298   513   1048   1676   132   1103   126   57   257   285   129   527   1158   324   287   144   83   304   443   34   685   694   763   122   904   754   1089   421   24   1080   495   255   362   413   1129   481   316   1145   964   
1168   476   702   111   181   382   1022   225   419   333   587   534   0   200   15   1206   582   38   1205   1206   464   1616   553   1028   1093   79   695   553   1086   1237   986   901   238   557   196   1022   423   759   1181   0   1204   511   398   285   146   126   50   219   521   112   586   64   1138   289   19   774   206   598   396   131   269   558   1114   76   511   175   505   261   534   154   1023   30   101   224   1156   374   1100   1145   124   375   685   100   31   598   378   45   17   576   31   481   318   1130   96   348   96   512   1081   277   705   82   176   926   29   700   99   172   433   388   806   492   1231   748   537   133   276   364   355   237   135   1146   106   1013   97   538   895   964   568   28   1110   207   439   1206   813   395   102   1048   679   85   380   315   526   470   41   77   320   983   145   580   70   361   
0   181   1046   199   6   110   719   84   110   531   56   1099   200   0   1233   1113   460   297   778   172   295   208   1106   564   317   324   463   409   251   1014   1080   25   456   484   113   115   49   122   574   190   336   248   645   150   119   976   784   477   919   438   569   1048   1039   1001   168   223   127   110   65   223   207   1060   132   1073   1098   31   482   437   229   137   148   85   1022   1727   1090   159   0   846   421   27   386   1214   142   1025   1623   461   353   178   86   449   355   446   223   978   15   148   1155   1066   1017   355   981   1803   807   554   507   19   503   882   1117   135   475   1048   147   196   98   164   436   1114   179   583   829   127   115   97   1060   123   136   552   406   972   231   55   399   157   243   346   337   219   519   996   910   344   115   229   166   120   311   472   1081   131   
674   589   35   328   203   37   149   991   215   20   210   518   15   1233   0   436   643   1126   1000   450   599   751   303   134   145   1025   1010   499   399   538   106   301   1240   355   92   90   594   142   36   1592   226   479   433   142   115   152   135   1581   290   575   53   113   1269   316   91   763   393   16   742   515   1196   588   913   675   100   718   1021   1054   373   16   459   553   473   710   310   718   438   382   678   164   403   99   1031   1149   519   671   242   1001   217   375   217   119   764   423   1137   79   1648   82   239   1732   423   739   369   1191   428   62   1116   1068   199   355   472   960   255   13   996   806   144   174   503   270   1004   1207   556   1142   453   211   677   197   163   1080   310   138   500   374   1021   688   334   1145   1057   0   516   168   970   132   238   1090   852   869   1129   434   
27   425   0   1008   165   458   146   1136   1188   1064   486   392   1206   1113   436   0   525   461   1049   55   1105   511   443   619   973   615   302   982   325   776   206   369   123   676   1198   960   649   349   880   271   442   248   14   311   1074   61   976   188   897   434   128   44   209   100   719   1080   529   206   163   792   178   932   315   1031   1095   938   189   529   215   569   269   136   926   206   8   422   4   50   0   269   998   1216   23   99   184   46   133   1023   380   96   683   305   80   423   487   589   652   113   598   7   525   742   258   100   552   49   1054   649   490   133   436   287   830   531   300   743   362   190   1037   525   47   163   0   1156   552   112   443   516   454   552   22   85   153   552   977   370   255   651   1080   1018   222   549   55   1037   473   0   308   971   107   142   
375   1155   153   180   103   260   323   472   155   1077   115   1233   582   460   643   525   0   701   312   379   830   525   166   152   1072   672   290   129   479   497   18   1094   284   196   13   148   710   68   590   679   168   118   184   34   1155   17   217   383   124   42   100   217   1184   205   454   313   134   137   287   143   1187   231   94   584   0   465   230   582   736   1089   159   390   447   695   681   1182   503   21   101   1149   313   370   106   762   617   75   146   108   10   1831   122   454   411   419   122   976   394   31   136   537   801   69   1266   167   108   1237   609   92   189   148   451   446   133   1175   82   922   461   116   557   373   200   443   137   107   153   519   522   1034   299   388   636   1102   67   128   548   0   15   1775   436   714   20   72   852   39   176   1025   36   159   330   936   
7   111   1195   932   860   263   599   394   1113   154   114   292   38   297   1126   461   701   0   476   706   143   550   591   1204   1103   446   434   906   1207   187   942   280   464   622   422   318   615   472   0   549   138   1146   80   173   5   1019   419   1111   124   392   759   240   303   118   420   104   239   1140   190   333   375   396   509   1731   438   1251   225   0   847   1029   413   51   510   132   117   1698   138   100   519   754   516   295   222   363   110   242   223   31   582   540   126   1230   496   64   151   216   490   1806   496   590   99   1053   516   880   746   1135   57   578   489   1086   67   367   493   517   190   60   910   971   1038   67   130   746   602   117   1107   762   981   277   296   155   572   482   400   1206   1093   514   457   494   390   431   1144   99   88   373   87   169   499   431   601   450   
330   398   1194   416   1138   922   305   459   619   324   530   586   1205   778   1000   1049   312   476   0   156   1237   178   969   97   554   1105   1145   167   115   115   1633   789   91   833   20   438   951   1132   145   679   16   497   352   977   35   1066   537   132   137   102   326   313   0   355   158   163   356   570   981   459   1049   490   147   549   715   754   231   204   1102   328   1660   440   235   443   951   1230   846   208   156   182   417   1032   473   102   87   537   701   573   532   355   378   603   486   830   1009   1017   589   85   5   141   1126   1648   170   598   334   199   390   14   517   159   158   371   1083   168   122   761   408   1156   929   14   74   436   539   419   190   212   89   123   529   536   336   1073   521   162   224   210   132   352   70   1084   397   24   453   459   367   1153   85   1173   151   44   
392   432   181   304   1086   180   941   1073   201   812   242   53   1206   172   450   55   379   706   156   0   1074   577   972   131   716   438   559   1161   536   156   409   55   525   684   311   463   149   762   1048   722   66   114   637   1080   623   0   42   1191   52   487   379   235   136   1207   152   1714   19   92   392   171   136   188   317   1230   1083   263   147   552   196   652   204   921   70   0   179   107   136   602   530   98   699   320   438   42   806   423   163   1116   1139   13   217   136   1096   25   434   922   22   117   651   54   154   761   226   36   1168   1042   926   1142   1130   75   390   436   1736   585   176   48   1144   1190   240   437   144   290   1021   135   1710   1162   176   605   373   190   473   563   332   116   951   23   390   216   789   597   561   354   141   214   143   531   207   1045   363   90   
982   789   1175   337   343   263   1076   562   216   915   220   385   464   295   599   1105   830   143   1237   1074   0   459   1137   126   1613   206   555   687   489   0   74   373   99   989   55   122   427   376   659   144   1050   1187   712   240   207   128   302   92   755   800   124   147   523   861   51   172   0   90   157   582   75   397   71   81   994   138   16   449   595   505   122   371   181   467   1031   709   411   550   351   554   221   1092   742   436   1207   30   400   922   428   397   1202   518   57   781   296   942   975   115   534   681   436   123   966   284   0   364   1012   223   132   273   546   349   17   761   72   190   678   1034   362   278   47   625   423   1709   372   886   711   69   98   718   1240   132   143   176   389   85   525   1061   145   640   380   1806   175   1049   56   110   511   272   918   475   
1022   398   356   306   93   101   355   952   123   645   180   1105   1616   208   751   511   525   550   178   577   459   0   14   181   1050   45   510   560   396   249   447   750   191   108   919   346   448   609   789   202   62   964   200   319   1020   491   628   864   0   1084   132   21   613   145   498   495   63   42   447   1032   150   181   396   444   128   49   208   96   175   476   487   0   554   313   981   3   231   171   1240   496   660   82   212   60   442   582   108   667   1066   805   391   734   19   977   1189   560   176   52   926   188   467   141   345   306   61   114   1206   608   457   497   542   144   191   141   1200   435   1130   122   1237   423   530   830   626   996   142   71   701   174   41   75   387   157   316   1079   1084   1021   133   1048   297   0   128   573   1114   561   376   162   346   461   179   182   
532   625   712   32   267   39   92   112   451   175   1180   80   553   1106   303   443   166   591   969   972   1137   14   0   473   367   292   806   372   43   36   474   21   52   670   800   1036   107   125   595   599   471   84   981   530   384   496   13   1165   191   219   134   263   626   460   103   92   473   540   161   91   1106   38   80   321   112   166   531   1102   287   343   123   608   166   336   1013   83   685   20   90   549   141   280   1187   1172   714   285   275   130   301   90   336   678   663   1145   41   369   374   326   302   127   190   441   1029   23   27   131   1102   0   1054   226   458   142   94   881   1696   806   940   516   624   757   130   1021   60   171   927   608   89   585   349   389   168   900   451   369   597   1031   117   116   149   856   158   302   602   539   1115   104   481   16   626   1750   
126   426   373   187   119   329   271   144   93   1011   951   433   1028   564   134   619   152   1204   97   131   126   181   473   0   1618   30   803   159   1012   35   44   191   255   554   914   324   1221   921   1194   71   131   116   396   347   674   590   443   110   162   1209   179   176   0   94   417   129   257   501   9   559   145   710   545   335   32   60   165   188   744   65   143   50   474   129   393   0   1130   58   423   130   149   1169   525   754   369   150   1129   102   895   1726   584   481   277   410   12   153   358   164   933   553   108   1023   203   22   1108   124   546   142   209   1142   349   249   223   384   893   417   44   168   206   370   100   367   158   160   678   314   1131   910   150   593   187   1106   777   669   340   1022   15   575   181   128   1116   513   126   17   313   492   691   474   453   220   
116   700   128   144   132   383   574   145   7   31   157   85   1093   317   145   973   1072   1103   554   716   1613   1050   367   1618   0   682   446   324   172   321   619   1050   124   1046   132   688   213   519   806   159   43   1045   109   750   754   390   1185   1044   354   183   125   1032   158   84   194   38   190   69   59   78   1700   133   1131   372   1137   13   442   110   52   157   1077   171   1714   1080   499   154   562   44   138   681   438   370   271   1086   416   192   1046   326   515   22   203   1016   70   1187   438   519   633   304   1051   439   65   18   990   1142   1724   915   1207   806   119   363   67   1210   81   38   576   207   1038   121   531   639   217   459   70   194   1155   43   653   1156   162   694   102   1129   30   366   672   124   498   1806   145   715   1192   110   98   207   360   101   388   112   441   1119   
290   393   167   876   1083   598   171   449   720   598   458   177   79   324   1025   615   672   446   1105   438   206   45   292   30   682   0   679   431   338   98   591   100   502   719   520   288   379   936   694   130   506   116   891   92   441   127   0   330   470   1108   6   1187   155   576   17   464   42   315   199   271   74   754   154   497   142   337   754   13   1024   77   764   1004   615   461   90   1750   1025   1196   1093   554   37   549   130   643   173   110   198   175   777   593   1050   371   1185   532   695   119   394   699   529   474   830   1078   673   169   382   360   405   1047   1050   458   552   442   646   280   1080   100   1103   134   311   1209   256   445   388   554   682   530   573   207   437   796   167   355   394   446   31   55   13   417   144   548   39   474   716   900   146   364   480   147   10   75   
207   173   401   395   128   403   296   596   519   384   436   1197   695   463   1010   302   290   434   1145   559   555   510   806   803   446   679   0   964   653   611   911   413   151   304   308   202   88   1084   395   294   441   596   427   396   448   296   56   178   110   134   316   1023   780   1248   119   165   61   1144   157   728   1657   569   699   326   67   101   755   1221   513   356   388   1612   1000   269   630   1086   411   345   156   426   510   155   1257   469   1122   53   297   416   75   642   1018   1643   123   1   532   171   501   270   516   496   1081   52   0   378   127   677   20   1000   383   230   50   138   264   519   29   257   143   84   189   139   493   522   1150   740   245   159   603   299   1086   424   16   57   501   1033   1205   115   226   112   1016   72   199   60   219   502   556   116   392   114   1000   239   
539   812   678   23   518   1230   325   366   392   566   78   53   553   409   499   982   129   906   167   1161   687   560   372   159   324   431   964   0   1063   1222   94   847   577   1080   0   986   764   1152   1002   162   540   1090   800   477   428   1160   90   128   598   115   242   673   1002   339   171   298   57   502   89   452   52   154   1775   91   1080   1701   286   128   984   308   1095   72   153   1182   365   61   598   209   681   144   51   270   1695   363   324   222   216   73   185   752   554   128   1148   359   160   485   272   62   6   212   736   1076   153   395   110   976   311   223   176   117   854   1108   605   359   174   373   1527   121   176   1146   337   23   38   130   164   57   38   1189   988   18   787   1230   686   337   88   578   672   1051   531   140   364   1237   0   191   50   114   0   462   484   517   
130   1052   638   422   636   55   49   190   366   969   598   847   1086   251   399   325   479   1207   115   536   489   396   43   1012   172   338   653   1063   0   24   694   114   436   411   63   428   422   873   450   218   331   1145   1676   367   398   159   537   167   184   1189   1155   382   911   216   417   355   46   50   695   136   342   290   148   588   139   307   373   380   106   148   17   0   62   13   922   410   1581   163   1208   127   119   112   1032   95   770   122   92   110   121   154   298   926   126   617   660   14   347   913   149   313   639   117   218   1080   565   434   90   274   873   497   368   101   626   1113   759   404   279   313   556   278   1204   313   193   588   764   534   686   574   1695   225   15   652   642   221   210   408   613   140   740   414   559   1072   1040   973   360   683   665   280   1108   16   
1080   593   682   152   445   90   1047   27   64   162   722   451   1237   1014   538   776   497   187   115   156   0   249   36   35   321   98   611   1222   24   0   260   748   302   947   364   116   92   90   451   0   288   1039   708   387   796   392   1031   527   394   82   1204   461   13   126   1135   1080   456   1141   225   1048   1154   1011   133   368   124   21   174   423   0   772   67   1187   114   386   490   270   52   42   53   277   223   539   544   114   374   1000   348   445   174   86   279   467   378   167   182   1036   74   681   396   18   506   216   1135   0   230   503   457   409   907   569   12   280   320   835   356   746   559   521   631   554   1122   985   383   119   80   228   14   172   190   1181   981   72   632   990   1727   387   361   274   1012   652   480   554   516   20   627   230   1034   986   777   341   
68   218   443   116   929   107   590   423   876   342   524   1592   986   1080   106   206   18   942   1633   409   74   447   474   44   619   591   911   94   694   260   0   63   93   142   972   1726   173   304   583   369   99   156   138   545   240   396   965   245   458   712   322   578   552   546   241   290   687   138   32   73   716   1   127   541   1077   102   350   296   481   210   181   1061   913   375   537   1098   299   541   459   213   1077   405   888   1030   82   503   417   167   419   431   13   388   321   448   686   527   708   178   1080   301   1205   555   652   122   307   129   127   321   152   570   75   301   182   968   342   45   123   175   181   171   37   128   342   30   541   820   391   505   698   27   27   178   110   326   147   171   1175   320   147   412   408   372   25   57   1105   1114   532   64   57   455   
175   682   400   1   795   301   1170   1194   896   54   632   19   901   25   301   369   1094   280   789   55   373   750   21   191   1050   100   413   847   114   748   63   0   93   1068   131   1004   481   477   44   1233   418   970   108   55   395   553   168   400   15   772   1676   129   806   744   432   658   174   687   507   977   345   1648   523   174   53   956   1024   700   1092   310   148   401   150   211   1006   277   1080   72   380   847   242   132   684   167   409   136   188   153   151   539   972   1753   1080   392   136   226   1102   530   505   128   147   1053   388   8   17   650   128   203   988   657   37   151   534   504   139   367   1119   9   133   519   1688   387   1045   1765   170   443   608   670   538   324   478   506   160   71   699   124   359   531   70   614   120   197   82   370   437   138   96   312   72   23   
624   654   274   93   946   1657   621   79   534   583   900   416   238   456   1240   123   284   464   91   525   99   191   52   255   124   502   151   577   436   302   93   93   0   78   499   532   467   79   147   380   98   555   723   19   1088   219   555   1127   142   118   1073   982   675   443   518   523   954   143   219   151   490   5   1638   591   957   1187   100   170   144   503   498   315   518   165   589   0   135   104   122   841   119   319   443   670   516   105   1063   1164   361   598   1053   180   516   104   557   434   101   15   378   576   308   118   471   110   967   436   1031   155   1129   79   1073   423   142   324   305   90   144   292   519   53   19   45   510   461   1113   14   16   89   517   1083   1206   687   17   643   334   946   555   145   196   383   1155   359   1027   0   538   91   392   303   1241   19   
554   343   686   143   1206   419   1127   87   332   112   329   733   557   484   355   676   196   622   833   684   989   108   670   554   1046   719   304   1080   411   947   142   1068   78   0   88   652   777   328   562   676   154   118   224   449   46   75   525   861   55   576   1113   194   175   108   302   994   419   102   734   101   360   505   1039   1004   362   598   475   1184   290   113   91   1162   891   351   157   909   555   489   154   1068   114   1156   122   153   650   90   0   483   131   302   1216   17   541   474   1226   162   1024   155   132   228   526   569   240   1084   351   1132   419   978   6   333   513   550   999   507   223   667   57   554   1783   559   123   684   1122   200   1067   31   0   66   1190   754   999   1000   1148   525   147   364   387   1110   116   399   1211   1135   639   1243   1062   120   1074   1724   679   200   
793   432   1749   594   459   87   397   611   166   699   36   123   196   113   92   1198   13   422   20   311   55   919   800   914   132   520   308   0   63   364   972   131   499   88   0   165   1086   1032   538   487   1132   589   409   1147   89   166   226   117   1022   1266   998   528   1061   93   387   135   16   333   407   338   566   156   174   23   1024   1048   301   674   1191   14   119   912   275   1013   1220   1102   140   156   38   347   511   219   711   307   159   122   90   718   96   337   505   430   330   985   108   590   1018   115   1048   237   165   981   1046   1732   430   174   556   178   1153   563   1084   1021   387   657   1153   652   472   1136   189   252   976   466   336   118   41   549   190   1148   1581   411   1065   43   100   164   1135   286   422   280   1000   1056   94   472   591   102   192   160   255   540   1135   255   
551   42   937   1117   422   218   590   134   165   127   119   424   1022   115   90   960   148   318   438   463   122   346   1036   324   688   288   202   986   428   116   1726   1004   532   652   165   0   221   619   394   1027   604   101   755   317   25   212   430   474   406   91   496   201   327   854   61   397   505   542   946   1061   516   209   588   706   837   211   27   226   1216   585   755   780   187   261   561   81   296   978   363   645   1059   197   11   450   167   1013   484   913   1214   207   277   98   364   1026   464   138   191   140   680   1049   216   711   364   555   67   718   1026   151   162   128   469   992   107   216   316   0   194   575   499   153   951   293   1175   1834   71   1074   473   225   66   144   1706   900   985   463   1142   45   960   1188   443   167   1250   53   1080   329   1204   336   0   1179   1025   715   
603   203   289   128   554   393   172   1077   1065   18   374   35   423   49   594   649   710   615   951   149   427   448   107   1221   213   379   88   764   422   92   173   481   467   777   1086   221   0   686   1050   1169   131   98   244   1119   1102   499   990   128   1182   429   168   15   112   163   1230   1012   14   365   39   1103   113   716   686   333   70   510   203   152   119   221   588   44   754   119   577   261   392   108   336   117   86   50   396   532   119   119   0   400   701   1222   42   136   7   190   815   42   1066   316   840   501   1119   1237   241   1106   285   895   159   340   156   296   73   144   557   129   142   1027   25   409   300   528   722   20   778   1190   1173   576   505   472   94   522   761   480   1079   315   609   553   1105   576   414   1009   271   131   391   576   123   92   245   594   437   206   
139   838   117   555   146   86   0   548   516   393   423   134   759   122   142   349   68   472   1132   762   376   609   125   921   519   936   1084   1152   873   90   304   477   79   328   1032   619   686   0   275   1179   352   660   320   374   0   1174   309   334   15   562   187   543   527   689   1189   90   13   1080   185   1064   459   697   1099   146   441   671   303   44   147   1005   1094   101   555   1181   1013   171   100   812   467   352   1162   0   1016   176   109   346   910   1093   596   73   135   440   688   153   296   207   555   366   141   58   131   680   1185   1189   560   165   366   554   1749   313   1062   133   577   987   510   1001   43   599   294   362   107   148   41   494   59   172   271   681   510   140   107   330   460   1154   1130   84   372   1084   565   1067   1080   522   1175   103   276   193   417   80   443   119   
315   321   136   90   794   1090   190   680   269   240   381   131   1181   574   36   880   590   0   145   1048   659   789   595   1194   806   694   395   1002   450   451   583   44   147   562   538   394   1050   275   0   942   13   170   0   184   1022   179   724   420   153   1016   1176   360   528   152   568   644   336   187   150   160   6   541   1119   38   190   221   1755   102   203   551   833   176   432   1150   311   280   1025   110   174   541   1002   492   481   274   566   540   82   305   0   231   857   128   677   109   330   350   1011   651   25   221   182   1084   51   552   69   779   1612   539   364   126   303   457   215   761   596   14   1248   139   1218   431   1122   1034   1209   475   5   1100   180   455   341   184   365   864   513   1706   25   912   1142   44   593   626   787   1000   290   102   238   397   593   17   1102   384   
102   556   394   147   46   130   455   596   12   281   1197   1024   0   190   1592   271   679   549   679   722   144   202   599   71   159   130   294   162   218   0   369   1233   380   676   487   1027   1169   1179   942   0   1027   979   808   127   977   179   453   112   575   7   1074   165   698   465   394   764   351   170   269   536   297   361   1058   117   162   1052   504   569   90   1198   408   142   201   534   70   973   142   1057   356   670   1150   127   548   1041   385   496   509   1051   1018   369   190   205   485   216   643   1047   131   44   603   92   151   127   975   244   477   562   349   122   210   580   375   1144   437   114   57   541   718   129   632   165   112   1749   154   1025   286   113   30   190   64   66   1025   546   310   1067   117   1109   582   18   223   99   135   364   62   1142   244   51   173   795   160   638   
365   102   1024   1028   1132   893   598   719   56   400   172   532   1204   336   226   442   168   138   16   66   1050   62   471   131   43   506   441   540   331   288   99   418   98   154   1132   604   131   352   13   1027   0   185   129   366   93   847   277   390   718   495   411   181   313   492   543   455   1695   1014   1231   132   1189   120   451   916   225   143   1169   225   5   436   14   336   547   152   477   1050   1138   1150   423   350   568   601   683   913   1   886   400   867   617   371   529   701   455   394   172   784   710   517   650   819   1251   1039   241   292   355   670   721   274   527   641   1000   151   637   170   1062   302   938   676   619   1151   370   31   1198   395   74   599   983   98   216   772   438   510   1048   50   145   165   47   1092   463   99   1140   979   550   723   128   137   126   271   192   62   
146   87   661   713   1145   474   405   214   1062   1160   396   670   511   248   479   248   118   1146   497   114   1187   964   84   116   1045   116   596   1090   1145   1039   156   970   555   118   589   101   98   660   170   979   185   0   1066   136   242   134   166   376   476   1198   88   38   179   1079   290   986   134   806   540   131   476   1114   496   181   1142   185   131   549   147   119   337   72   0   1084   1205   209   454   555   910   827   678   75   1062   159   433   146   182   748   21   907   349   1137   155   355   1103   168   64   463   131   736   530   418   75   102   170   196   327   451   428   208   354   128   117   990   397   217   402   459   1146   88   247   374   263   407   734   1146   200   0   1156   632   150   148   318   371   923   972   1007   361   338   396   687   422   102   128   695   432   202   396   927   502   
14   11   470   1122   619   971   209   235   459   621   181   108   398   645   433   14   184   80   352   637   712   200   981   396   109   891   427   800   1676   708   138   108   723   224   409   755   244   320   0   808   129   1066   0   945   155   1187   87   170   573   383   110   1018   332   255   1006   1220   121   90   564   496   167   487   812   165   93   310   88   378   167   224   196   1174   436   517   79   384   396   131   161   1031   685   213   456   177   988   53   519   100   548   22   436   62   736   22   876   74   511   973   448   927   552   0   417   1140   1217   242   808   82   557   220   590   93   1021   1112   659   182   982   846   206   820   181   9   1104   49   53   1248   1122   1024   571   523   689   972   174   587   569   383   48   148   1146   276   132   96   719   14   1127   31   514   997   721   1094   
476   956   911   54   1017   329   168   541   151   258   918   799   285   150   142   311   34   173   977   1080   240   319   530   347   750   92   396   477   367   387   545   55   19   449   1147   317   1119   374   184   127   366   136   945   0   90   15   707   70   917   231   144   94   103   973   138   99   149   198   748   826   171   433   781   446   391   409   514   1009   484   983   144   300   116   1238   458   364   135   116   423   48   231   624   1028   799   490   0   771   653   806   120   163   538   1149   437   1147   970   150   212   450   435   492   869   108   147   1058   1679   103   385   568   145   933   141   301   1188   159   439   399   966   448   53   481   550   1234   1045   117   1155   244   236   639   618   396   94   219   316   500   147   382   102   714   568   466   66   1160   67   131   718   1140   742   462   380   
