200
0   960   164   437   408   469   373   162   200   114   1154   125   436   1248   102   132   124   446   127   1206   17   116   303   516   1119   1086   1028   212   241   71   97   1045   560   177   974   92   173   1116   998   161   1093   637   1145   1202   167   55   127   643   722   554   684   646   132   148   216   1084   423   550   53   985   339   582   5   1037   915   148   1014   337   1196   550   15   615   471   619   355   1214   485   469   528   106   426   162   389   1231   1165   228   1181   161   981   62   1105   258   1028   143   460   519   119   755   191   416   313   1197   394   94   528   926   516   258   189   550   167   82   12   0   126   1130   123   549   480   514   371   328   1110   440   1758   332   516   557   348   31   354   526   306   176   503   148   530   112   587   501   1086   957   1081   976   384   346   511   98   525   642   1032   332   1613   206   454   378   162   552   176   55   1073   175   229   1062   139   274   1190   196   527   523   138   559   84   585   39   213   1036   349   638   723   876   904   1030   714   750   1269   472   20   880   347   29   133   121   228   64   366   190   1028   143   10   
960   0   162   599   1202   467   508   368   442   974   132   390   656   569   88   126   555   1122   513   112   645   110   519   141   94   554   659   1014   701   1037   1142   178   0   686   60   129   114   362   603   155   119   372   161   290   624   166   315   163   163   348   203   715   182   524   209   167   135   949   20   540   149   1097   144   26   591   964   58   172   235   538   116   688   290   442   305   165   913   12   98   895   663   80   683   177   55   670   927   584   185   367   223   800   81   1200   1144   926   151   336   1037   1241   150   489   1127   971   57   1143   74   318   119   681   1222   455   1013   438   135   815   532   571   477   1099   94   316   223   1220   772   624   153   605   120   575   1062   1098   144   463   5   138   1135   106   353   1066   495   167   581   120   1174   599   180   1736   115   911   203   83   106   1660   447   181   195   910   157   144   437   538   1068   53   74   77   334   1175   768   1110   1783   480   1169   136   1753   164   678   375   369   524   114   89   105   474   434   138   389   918   458   937   165   55   237   688   652   603   401   699   23   537   
164   162   0   559   140   1122   252   19   1023   394   1017   142   41   534   62   599   688   528   486   168   1084   1075   108   0   193   514   363   94   554   126   57   16   555   124   617   207   370   44   52   715   296   706   314   472   419   615   14   321   31   1216   277   163   536   511   475   225   167   390   997   387   25   382   453   66   142   15   193   69   409   431   393   135   320   132   152   1   591   174   157   37   454   25   174   84   508   601   904   119   356   193   158   431   1171   155   108   1146   1064   23   36   355   150   14   1047   1118   0   713   12   530   1161   0   139   1059   407   29   376   571   255   81   472   990   221   107   1116   335   1094   938   13   82   428   585   554   762   325   122   459   133   241   395   582   813   49   135   440   120   700   447   364   699   438   23   138   27   220   85   847   24   518   1078   116   986   134   455   422   1076   93   546   313   19   38   1061   466   113   447   104   559   761   133   409   1214   1155   355   1190   549   546   109   654   626   417   443   315   590   1085   71   430   150   57   1016   1034   752   23   
437   599   559   0   126   315   436   1197   322   1076   778   326   900   304   370   608   117   1776   102   175   1106   155   1116   1182   669   715   1775   62   167   174   599   326   180   106   618   399   254   106   374   1230   1165   593   14   155   269   1034   87   98   639   159   422   688   223   338   1017   464   381   922   308   114   146   326   123   1160   160   104   923   1037   123   661   779   1172   474   147   381   419   315   509   395   1077   90   386   275   852   1204   309   218   997   308   860   144   1145   1116   151   969   619   235   168   435   308   175   639   223   138   40   132   573   619   435   522   474   389   639   166   223   1073   650   49   86   767   1193   115   439   24   675   1102   941   1226   21   1068   1017   330   1108   225   383   257   53   464   184   225   952   706   429   1051   332   617   675   154   451   152   67   179   20   44   115   80   1266   1022   1114   34   1240   88   500   57   522   504   249   305   74   686   990   929   1116   942   59   240   53   57   391   859   166   456   227   1214   534   302   652   652   439   495   430   19   110   133   352   24   910   207   20   267   
408   1202   140   126   0   122   338   162   707   1066   1266   451   910   1061   375   43   494   1147   57   1258   116   1064   143   168   117   131   26   841   1145   1082   410   1155   316   51   1220   1162   277   31   418   120   535   1167   374   5   0   553   593   557   135   62   112   1241   131   762   612   146   774   653   803   1088   69   174   342   173   217   1093   351   133   135   907   94   670   25   976   5   30   145   143   968   374   125   496   831   784   999   599   630   478   678   417   158   688   140   119   217   362   1776   272   574   365   1214   394   1776   1042   1176   502   615   1105   308   847   403   444   124   133   1058   459   54   608   404   1030   94   150   16   725   947   160   335   810   433   164   159   298   639   1002   110   1106   50   825   143   869   519   190   122   760   530   16   1243   373   542   1138   121   713   501   139   504   900   624   20   472   118   640   1080   520   42   761   1148   710   1098   125   1011   108   6   119   78   405   1194   235   401   354   94   1023   82   14   71   31   1066   1011   611   392   280   1075   6   540   362   18   303   354   675   54   437   
469   467   1122   315   122   0   886   108   1170   331   57   550   557   876   626   106   1110   311   375   409   841   90   14   121   898   1192   519   826   653   860   627   653   427   284   13   585   674   1118   540   459   932   187   457   115   459   1125   172   273   8   180   121   440   425   310   294   33   256   1165   79   1080   18   101   117   0   690   196   1194   427   1036   219   1782   1187   165   617   629   466   14   529   1052   137   904   318   142   547   117   50   1243   180   1206   527   525   30   82   519   805   460   15   718   330   119   876   1009   1195   100   517   271   496   553   347   873   27   197   241   618   975   596   350   482   1073   153   494   32   447   280   520   117   275   23   229   31   290   477   166   75   387   106   165   313   818   138   149   528   75   1158   575   383   627   543   8   1111   1104   72   1116   603   350   660   231   1190   140   162   90   443   571   387   1060   328   592   244   1176   1080   31   155   1073   115   514   347   1032   108   159   167   590   227   1155   394   631   401   886   587   456   626   226   590   136   1109   497   437   305   152   374   1246   
373   508   252   436   338   886   0   115   208   937   496   360   189   336   624   436   125   666   1016   860   0   410   618   940   573   968   1137   551   409   1073   638   331   228   397   531   14   147   549   436   138   286   511   27   109   153   1021   19   1176   1047   750   193   67   321   755   700   900   52   11   705   1781   145   366   319   285   1145   591   1727   1031   56   146   742   255   820   271   525   177   165   150   864   486   248   1044   28   38   132   910   43   506   137   560   1665   35   628   860   72   507   114   127   285   23   1105   221   1072   220   316   1077   398   561   1   134   1165   1172   129   1052   35   536   701   132   659   468   1012   1202   165   504   570   758   169   553   167   179   483   226   60   599   916   639   927   420   112   347   107   1013   952   70   557   108   611   149   185   423   175   1153   541   207   267   102   640   154   763   1119   1251   723   1004   388   1027   135   972   179   1094   383   1098   558   210   128   1173   147   120   1237   103   279   199   77   615   553   389   120   1206   516   1037   67   1752   614   555   250   1024   313   1025   1037   1102   591   
162   368   19   1197   162   108   115   0   425   12   1051   1065   501   63   170   438   571   129   976   522   145   1190   1094   31   18   89   123   211   761   167   667   318   1184   1159   569   323   487   829   1073   143   545   1727   158   535   143   133   403   231   651   474   137   326   184   1   528   416   504   82   156   158   1122   423   345   20   52   345   818   198   151   34   364   139   1143   160   909   92   538   130   1141   33   135   527   478   1592   116   453   812   472   1197   1084   1102   280   1068   56   438   304   326   702   449   340   102   158   403   23   395   1011   981   479   0   1736   335   1148   114   653   817   0   280   800   539   142   120   335   159   163   479   719   394   650   463   412   20   395   880   146   538   333   87   315   295   280   6   114   504   474   427   223   1061   511   433   1089   591   1191   0   690   181   416   150   527   705   472   211   216   111   109   150   569   346   42   910   53   1102   365   500   1176   113   582   603   336   983   914   36   878   1204   127   754   20   710   130   918   1024   695   19   304   780   440   712   548   302   349   239   
200   442   1023   322   707   1170   208   425   0   74   655   15   409   866   1117   384   748   919   133   528   472   1676   1207   1018   5   1073   554   413   82   0   473   597   62   552   148   82   287   59   1048   78   217   235   192   45   239   370   596   575   758   23   146   1239   110   516   292   255   171   421   867   205   1022   317   886   17   47   378   155   62   587   549   154   559   1043   60   652   1136   677   121   91   1009   49   4   1646   439   178   217   436   0   1126   58   128   184   114   143   435   447   355   380   314   1086   117   155   568   514   639   1027   1080   243   32   626   138   419   1142   687   85   347   422   1046   168   1154   846   133   162   128   422   94   972   117   924   1709   628   142   799   57   378   1214   521   200   213   681   755   0   761   1119   326   571   992   154   529   532   12   545   158   467   435   1196   653   577   239   550   126   549   362   967   596   79   318   1126   130   1146   528   447   642   151   108   373   1074   15   216   108   345   1030   686   177   385   28   709   1061   137   527   169   1093   1074   570   1034   557   556   1776   432   932   
114   974   394   1076   1066   331   937   12   74   0   322   303   544   801   372   347   226   366   597   187   1776   1119   13   355   1130   1097   227   1151   200   158   164   1153   189   44   748   573   1065   387   78   159   135   84   131   385   115   0   1080   541   89   1084   430   93   361   320   436   255   1050   1119   133   1025   279   1057   599   138   137   1065   226   553   225   219   1118   298   51   1138   69   337   528   13   44   628   1088   336   1116   919   1090   380   781   388   1150   1047   624   132   497   126   524   29   847   938   568   50   352   150   487   1102   322   191   1032   200   29   106   60   1696   138   384   1026   976   179   401   131   1009   315   584   114   135   326   365   318   422   864   151   50   1048   92   1031   318   497   162   320   304   806   407   0   516   50   645   88   302   276   548   240   184   499   15   219   435   126   196   516   153   112   136   723   124   927   1154   460   621   8   194   220   1098   0   176   1165   122   529   18   585   288   72   87   830   807   135   451   510   427   138   169   146   3   676   505   521   274   962   130   85   722   130   
1154   132   1017   778   1266   57   496   1051   655   322   0   633   84   322   255   418   255   466   58   409   368   9   1205   77   98   156   404   460   114   114   511   800   929   348   574   448   525   118   164   1718   510   1126   1098   548   119   190   296   365   628   140   1012   1009   47   138   544   382   49   65   66   1088   343   980   133   509   25   54   425   1116   512   486   596   560   16   1165   354   446   761   938   704   552   1239   119   225   1048   0   169   1122   390   764   146   44   350   143   464   901   135   1264   1073   457   53   557   225   42   603   1032   718   1197   547   973   1006   122   18   54   157   463   119   396   110   7   893   35   293   528   505   53   1066   145   1031   583   101   1013   285   428   20   715   882   1129   0   216   1061   1042   519   76   217   7   9   1063   1056   42   120   231   152   367   640   527   509   1190   394   1206   1038   91   301   463   115   44   260   643   669   322   448   421   552   86   1700   208   531   467   109   529   322   919   989   411   88   707   481   981   191   1046   103   322   431   43   739   558   172   132   200   397   176   
125   390   142   326   451   550   360   1065   15   303   633   0   190   59   1188   408   132   79   522   1057   601   184   1069   370   296   0   330   588   119   217   503   57   313   1758   1000   339   283   330   1803   597   210   1060   962   475   904   446   976   42   452   1080   159   97   846   427   460   1051   107   525   1207   131   1085   17   343   1187   163   436   748   640   562   315   314   135   224   733   1079   810   144   424   1098   90   370   990   619   245   79   51   292   824   1206   514   539   374   586   130   326   624   1028   83   1269   145   283   41   516   369   160   163   378   396   408   329   1030   463   171   82   490   17   686   1239   1028   249   168   133   1022   1660   682   1045   120   25   1113   1044   236   494   257   721   113   477   68   474   910   750   394   617   370   449   1061   157   582   96   453   436   81   1087   503   245   428   1124   166   812   1028   397   1085   1061   1073   196   778   625   400   469   439   112   142   212   528   649   1194   665   81   138   688   597   55   1240   84   932   16   339   1050   1042   82   532   1084   338   0   1116   97   430   55   158   443   281   
436   656   41   900   910   557   189   501   409   544   84   190   0   430   427   141   50   491   472   102   70   160   315   324   973   271   214   1102   427   452   215   1016   364   513   1202   1023   1079   182   1751   1077   408   542   1120   601   913   1102   768   573   587   69   490   553   50   354   761   110   93   731   144   130   193   392   109   1771   893   33   217   429   489   185   614   475   113   382   459   549   630   128   1190   760   114   532   89   1020   1098   535   110   1080   196   644   248   286   449   680   1136   187   411   19   341   534   552   364   1004   238   313   220   102   549   611   518   206   534   42   589   408   1143   577   1059   25   167   649   580   973   636   135   1153   96   64   210   405   103   50   116   405   1103   101   62   654   119   110   0   148   913   159   31   1701   167   684   215   165   799   529   1058   1176   651   182   182   596   926   141   280   528   212   223   686   124   506   1011   1172   114   210   123   593   401   122   380   303   225   1102   1596   443   427   358   85   169   1056   1155   449   1044   1082   505   793   12   141   144   199   1192   1237   999   1003   
1248   569   534   304   1061   876   336   63   866   801   322   59   430   0   540   1044   540   136   1171   363   1028   409   150   484   175   337   437   0   408   605   99   115   1165   92   1111   1005   60   353   496   126   136   449   132   11   204   682   551   1046   18   937   0   1046   815   1184   134   532   820   1025   1189   382   28   1080   122   1009   1044   406   112   984   1233   873   37   163   101   514   1084   330   767   0   1697   122   137   1755   1038   129   139   684   52   645   1116   399   1066   1098   104   1106   806   1024   0   1079   1032   531   1067   239   106   525   1592   1189   1180   0   527   390   63   25   132   106   549   766   1226   136   160   1190   28   712   645   724   345   194   463   48   67   0   221   35   133   1156   645   1198   175   99   387   115   107   670   1009   88   30   582   17   230   706   683   285   1088   331   777   776   125   518   190   358   330   379   701   372   554   1108   158   0   182   519   32   80   527   373   397   252   571   561   1013   469   438   296   158   138   406   443   175   517   1043   274   404   991   38   626   325   374   289   503   0   79   499   
102   88   62   370   375   626   624   170   1117   372   255   1188   427   540   0   1028   84   279   420   14   520   670   140   1180   36   378   1165   81   561   102   284   159   442   1086   206   377   321   92   1072   932   1053   573   110   800   645   147   1137   577   8   31   979   1113   915   354   360   173   152   373   164   395   1018   185   117   132   204   1126   308   63   772   739   210   286   550   451   624   525   68   450   532   981   371   757   1048   1048   679   276   974   1   1099   434   501   456   21   561   528   1187   123   94   144   165   1806   524   541   304   412   514   1106   774   452   1146   277   12   130   144   164   1187   0   399   883   120   1710   18   277   1129   62   214   500   974   135   788   163   312   1137   415   975   532   21   330   686   96   714   675   374   112   401   13   596   276   97   473   1054   1093   428   55   1141   1003   652   295   200   399   134   85   1176   744   968   116   737   157   99   30   428   389   86   137   1222   490   722   1102   347   122   670   474   1172   1149   532   888   1140   223   406   118   1110   318   539   415   421   433   127   147   546   400   
132   126   599   608   43   106   436   438   384   347   418   408   141   1044   1028   0   549   200   177   454   96   936   509   500   1064   1204   702   596   480   1095   286   109   207   932   128   562   90   688   228   642   1751   386   904   116   1179   152   133   474   986   1000   305   976   32   531   240   25   20   1057   313   846   1618   778   1077   555   204   951   119   531   735   510   127   126   1021   1151   1724   130   137   100   423   1168   317   38   240   115   615   540   200   85   116   159   313   37   389   372   744   1053   133   1079   195   164   800   1214   103   193   1140   638   430   545   510   51   179   538   102   573   327   102   550   570   636   652   142   150   138   1194   477   436   479   407   455   109   211   659   652   115   345   513   20   721   754   14   1025   191   1088   695   661   183   1079   144   306   674   100   106   1033   37   228   368   511   13   272   967   472   63   19   99   292   1026   323   315   345   528   856   209   932   74   205   411   223   235   1059   763   530   1155   472   1128   116   196   131   134   144   216   1065   1122   906   459   45   0   766   568   1050   575   
124   555   688   117   494   1110   125   571   748   226   255   132   50   540   84   549   0   1041   880   750   149   1176   1010   173   135   282   140   561   1075   127   464   334   1138   1208   437   660   322   173   1130   67   272   223   146   372   119   700   461   27   69   718   0   443   1094   30   546   290   421   1136   1248   1132   562   196   181   13   1067   211   774   1233   1618   241   32   481   308   73   1118   1098   443   458   335   430   433   62   673   1001   122   89   1138   940   131   681   93   199   136   394   1146   378   722   387   159   440   0   525   1618   670   190   133   144   288   525   1167   405   664   330   328   402   442   12   189   410   146   12   1197   53   424   44   571   37   1154   654   924   211   1108   164   1079   1061   750   173   625   257   0   70   78   677   430   64   285   82   452   1037   405   1196   115   287   315   709   7   101   61   552   996   218   57   455   124   429   638   145   538   396   653   562   1189   972   1090   605   910   89   1000   119   830   533   145   525   112   446   1696   112   230   549   528   345   1099   131   800   575   624   129   706   431   92   
446   1122   528   1776   1147   311   666   129   919   366   466   79   491   136   279   200   1041   0   333   396   983   910   718   122   223   114   1187   423   499   0   143   712   86   169   31   450   277   537   393   0   1095   221   171   0   200   303   670   388   209   525   22   165   79   9   1155   1110   577   1096   295   78   298   954   746   269   133   47   475   44   1152   58   1728   1101   341   557   110   141   424   1067   235   1781   1138   1061   0   0   1221   371   231   536   13   690   1646   486   154   556   400   345   394   588   153   384   1080   695   155   615   1170   1093   1096   107   473   44   1054   98   882   127   75   116   1612   502   1174   373   218   1024   642   119   854   390   781   81   155   391   660   644   1009   487   992   698   15   113   1200   618   373   23   595   130   558   286   1145   1135   167   782   9   331   1132   368   1154   882   15   1216   343   447   330   1145   136   454   557   410   126   455   1144   98   544   1153   273   425   85   1018   1034   1161   374   130   1073   1725   334   787   16   142   165   1015   98   714   176   581   1110   750   475   0   1130   1054   525   163   
127   513   486   102   57   375   1016   976   133   597   58   522   472   1171   420   177   880   333   0   545   109   494   39   17   478   538   1000   537   174   1103   56   619   441   41   49   367   103   1048   319   322   527   63   159   331   248   456   223   359   136   641   343   406   178   91   469   895   69   156   118   196   308   330   14   454   540   1079   556   436   670   582   199   223   472   594   464   343   132   1034   322   652   1200   332   438   434   50   39   721   1053   782   46   81   467   179   650   116   1019   271   177   25   599   508   521   1167   433   510   535   18   144   162   134   135   652   1047   438   512   13   286   274   789   67   337   580   1077   318   483   994   697   27   184   87   386   1078   388   366   89   926   330   581   207   482   586   130   398   376   1092   94   938   215   498   171   152   407   1009   682   96   397   1142   49   478   1250   779   116   454   3   144   140   1158   464   1093   936   458   982   531   486   296   249   17   84   695   164   591   245   73   1074   571   141   220   300   1152   538   82   591   981   418   129   21   351   932   1144   430   
1206   112   168   175   1258   409   860   522   528   187   409   1057   102   363   14   454   750   396   545   0   438   405   682   881   145   202   1122   102   1128   435   397   517   653   448   359   830   1074   475   379   1051   570   131   122   519   1161   530   327   0   175   1025   119   344   909   911   392   7   90   111   257   942   537   533   405   656   201   793   200   1044   134   175   1066   146   53   1005   1047   255   660   1028   114   165   639   1151   428   1027   812   665   600   484   394   758   151   608   48   447   1152   159   419   131   306   311   988   1167   599   540   159   145   1017   525   450   442   1029   1124   1009   433   605   30   1141   206   222   249   1122   50   16   439   61   618   145   1084   487   133   330   147   1648   18   427   96   1230   221   203   137   175   1068   319   598   452   456   1181   588   15   1056   133   380   108   93   183   1223   527   593   578   667   60   721   513   62   363   12   159   677   536   1205   104   1146   1223   68   321   985   1070   97   787   205   88   239   159   174   178   526   158   172   196   98   44   322   1705   691   174   626   132   864   1084   326   
17   645   1084   1106   116   841   0   145   472   1776   368   601   70   1028   520   96   149   983   109   438   0   169   1098   15   55   117   570   714   305   747   299   424   303   152   471   1028   5   118   423   1197   483   167   625   320   1189   238   688   442   166   401   0   141   522   901   242   315   539   1024   471   305   183   528   172   1006   30   353   5   147   44   42   499   345   91   446   95   451   134   123   459   220   487   494   1167   670   190   378   112   9   1075   90   624   53   1049   128   144   443   487   92   167   511   1050   50   490   74   26   596   136   151   715   852   149   29   148   976   1146   1206   210   685   181   1137   455   1182   275   867   530   1646   75   812   319   1094   1141   286   670   537   140   140   910   1026   104   250   120   134   46   23   417   1097   655   69   109   1182   552   1203   487   154   517   19   30   107   812   167   108   982   1087   248   156   974   1103   383   761   103   511   155   1643   387   299   1073   312   25   374   1138   147   162   92   392   142   271   145   374   90   1201   1079   272   142   174   89   129   1102   1050   59   95   
116   110   1075   155   1064   90   410   1190   1676   1119   9   184   160   409   670   936   1176   910   494   405   169   0   1002   556   195   524   164   1725   340   140   100   433   615   716   202   303   617   1187   1834   126   322   22   461   238   1145   527   88   80   372   36   382   1075   1189   400   260   178   436   363   1221   1107   623   563   852   134   0   1138   255   0   570   1068   35   304   1140   1187   1191   432   714   442   553   551   315   181   1024   173   231   387   395   82   540   806   1230   319   366   428   0   1098   362   327   542   139   13   519   508   250   226   18   521   80   123   409   509   799   1155   75   101   48   279   469   19   461   41   89   64   1079   320   521   1752   61   451   718   983   552   217   1109   1030   118   59   116   21   1170   1264   79   1000   1128   439   139   354   332   409   577   216   539   9   92   1220   534   455   521   461   0   941   557   101   371   146   119   30   260   946   548   53   584   54   9   954   364   90   50   392   915   471   241   119   373   473   367   182   333   549   736   734   383   1175   117   980   947   71   134   1034   81   
303   519   108   1116   143   14   618   1094   1207   13   1205   1069   315   150   140   509   1010   718   39   682   1098   1002   0   30   332   40   117   200   1129   1176   418   1075   100   369   456   114   435   23   204   312   163   1093   1175   415   541   161   1714   285   423   575   141   1154   490   69   1075   75   1093   460   226   520   24   750   114   120   153   154   472   226   361   1169   967   1030   190   1049   21   617   111   144   198   407   436   181   315   238   409   1220   191   217   420   1092   136   165   423   552   13   428   25   1110   148   1039   179   92   355   251   127   742   513   496   978   651   528   327   135   116   175   661   117   0   551   171   433   88   544   557   718   521   1077   58   642   148   424   24   375   6   654   542   1173   686   327   145   135   226   97   259   1018   860   431   405   164   156   98   164   564   815   108   418   132   1073   407   406   38   846   123   25   146   19   922   139   126   1222   146   1101   81   36   1783   1206   651   646   191   23   1172   221   427   255   90   292   215   897   205   447   163   1129   494   542   552   386   0   521   148   1033   
516   141   0   1182   168   121   940   31   1018   355   77   370   324   484   1180   500   173   122   17   881   15   556   30   0   557   114   345   413   522   910   1231   539   532   459   904   83   85   49   737   1045   302   966   194   206   25   365   556   1105   90   603   906   150   69   144   1194   219   23   312   378   247   467   1079   71   502   362   108   568   464   1124   50   210   1025   74   336   68   237   911   827   5   1725   170   1155   759   1749   942   1156   117   700   501   167   131   226   153   429   487   389   722   159   336   347   428   320   463   374   1034   650   558   27   164   292   562   58   1170   513   20   373   143   436   1128   384   543   596   560   854   1051   84   1187   145   97   32   669   409   1026   34   423   202   1146   910   947   103   1205   231   337   1048   68   938   670   143   634   1098   344   525   951   391   160   159   918   302   15   895   1223   226   501   363   557   140   502   255   64   1028   1097   1050   452   639   686   549   70   516   473   107   452   1130   432   220   584   68   557   347   181   1038   473   1137   485   489   119   185   1056   973   46   74   
1119   94   193   669   117   898   573   18   5   1130   98   296   973   175   36   1064   135   223   478   145   55   195   332   557   0   637   401   549   175   1122   1206   443   174   371   1205   672   155   138   873   239   187   45   24   596   188   320   499   143   90   295   101   1771   407   932   550   1208   112   334   532   0   604   552   626   496   437   1099   72   101   306   590   595   147   1067   1206   219   477   535   7   530   168   1048   383   60   175   174   345   91   580   511   742   364   179   346   432   209   1102   324   573   589   540   129   766   582   190   436   162   545   636   926   348   309   1051   144   168   1108   472   115   162   64   51   150   87   19   141   548   1109   189   975   146   534   1105   484   160   746   271   477   90   271   1130   405   396   132   255   89   27   688   71   201   224   285   1162   531   517   293   299   80   829   525   876   117   982   1053   207   1181   431   481   17   1202   8   762   999   1102   459   503   981   255   505   421   0   634   503   1078   1057   99   249   42   149   564   319   867   1045   1156   175   1679   1758   196   134   582   238   218   
1086   554   514   715   131   1192   968   89   1073   1097   156   0   271   337   378   1204   282   114   538   202   117   524   40   114   637   0   385   210   57   326   358   297   161   495   347   549   49   161   793   93   324   615   780   167   568   20   1108   411   90   472   1189   292   464   1046   1069   617   1063   1028   799   687   463   1179   379   982   1755   1119   460   915   108   986   389   1154   715   96   1068   306   512   176   455   21   473   91   175   312   1086   21   141   145   394   316   457   202   75   989   568   392   187   393   378   1075   100   134   1077   670   911   980   74   90   46   432   101   1185   231   160   904   145   159   89   956   424   503   979   310   143   1202   1046   460   751   524   409   224   292   626   1082   137   17   119   322   479   650   659   34   842   181   419   1075   1765   110   131   461   458   140   224   158   569   23   196   438   1119   176   110   529   428   248   275   133   175   49   898   569   0   0   910   475   1776   394   16   450   142   159   1092   423   405   3   739   469   409   508   494   97   282   8   357   174   67   1109   195   292   409   680   
1028   659   363   1775   26   519   1137   123   554   227   404   330   214   437   1165   702   140   1187   1000   1122   570   164   117   345   401   385   0   199   322   457   846   221   1163   487   988   175   1592   369   297   632   596   82   1165   554   14   404   145   1024   750   435   1834   364   380   160   240   916   359   529   531   697   53   116   451   220   44   1079   688   423   138   639   1077   596   460   188   466   128   914   345   333   267   134   485   1028   240   1109   1095   44   176   1046   66   1809   57   47   0   250   313   284   446   525   422   1037   203   296   161   0   204   582   345   127   1045   411   144   90   583   332   1062   162   211   602   736   554   1037   552   1099   345   409   361   555   157   906   1094   331   136   852   523   650   266   167   145   96   345   1078   175   456   13   432   1093   321   374   1181   190   835   832   0   90   72   269   670   6   422   142   1012   1127   138   520   1125   531   849   1765   1643   21   115   35   686   972   106   482   725   1037   334   548   286   1755   298   990   127   114   99   800   114   13   340   301   999   70   1092   513   1142   975   27   
212   1014   94   62   841   826   551   211   413   1151   460   588   1102   0   81   596   561   423   537   102   714   1725   200   413   549   210   199   0   393   401   74   806   32   106   44   102   742   108   653   474   37   161   153   932   211   165   347   378   937   179   1077   1132   159   926   229   149   654   157   65   893   24   639   864   0   313   120   16   1080   437   541   75   171   273   283   335   12   320   57   1122   987   985   1189   638   189   55   210   119   9   231   582   109   1146   206   696   345   5   128   508   812   127   165   1073   345   136   226   473   16   1008   403   170   221   194   191   1095   182   205   1154   938   487   1142   23   151   467   456   417   311   72   329   581   102   44   192   386   355   425   123   528   718   1696   24   459   307   1181   719   112   224   93   77   1755   1079   117   1111   1130   343   1088   1098   1143   15   128   736   92   450   422   122   124   174   363   440   57   696   1139   537   103   1102   235   336   334   400   467   158   669   296   467   878   1090   209   354   140   471   154   138   699   760   832   162   762   166   423   390   554   
241   701   554   167   1145   653   409   761   82   200   114   119   427   408   561   480   1075   499   174   1128   305   340   1129   522   175   57   322   393   0   1808   950   263   372   598   456   481   371   1074   597   165   383   332   251   88   303   130   805   1144   56   1000   1771   156   192   1152   942   501   977   295   672   136   163   133   82   179   178   891   501   82   1240   716   830   53   492   165   569   937   456   552   1172   310   929   505   149   321   404   440   306   36   94   321   241   718   84   722   75   137   135   405   524   6   1099   31   907   135   329   115   277   755   92   84   190   31   213   138   423   231   750   406   144   585   416   216   1169   156   340   1031   975   463   89   142   19   90   23   122   14   473   1080   819   1077   19   387   119   1077   676   468   517   1169   408   549   580   900   562   0   458   1026   107   820   912   274   740   169   172   218   343   168   1008   169   770   153   354   67   138   1048   1161   414   58   145   163   624   721   27   389   0   860   1051   312   383   0   19   558   283   123   1139   1014   531   12   384   442   1033   588   
71   1037   126   174   1082   860   1073   167   0   158   114   217   452   605   102   1095   127   0   1103   435   747   140   1176   910   1122   326   457   401   1808   0   1052   678   414   108   631   131   511   946   550   115   487   380   225   625   516   581   498   16   472   553   418   1105   82   554   755   363   187   110   585   345   0   174   1596   1129   540   407   18   544   87   419   0   363   168   394   857   846   280   810   1098   1059   438   106   461   132   431   120   619   37   633   1082   71   528   1111   103   1180   411   55   987   112   1144   63   159   90   1021   92   1084   402   918   20   15   72   395   673   19   167   1241   74   516   1002   74   438   1210   43   1049   142   255   1074   910   185   0   175   531   145   162   497   510   43   478   135   23   590   808   302   1059   330   355   501   591   28   638   223   35   1145   55   354   1106   137   49   534   144   16   332   691   93   419   353   83   710   423   151   936   221   1154   1024   53   694   50   48   570   320   1107   874   1776   860   466   235   86   1081   130   1618   163   152   1066   505   1138   1782   18   92   989   116   
97   1142   57   599   410   627   638   667   473   164   511   503   215   99   284   286   464   143   56   397   299   100   418   1231   1206   358   846   74   950   1052   0   1161   1156   645   1059   205   542   33   459   330   248   653   41   513   1223   132   196   758   1021   516   82   437   127   492   336   528   590   1204   1188   650   191   329   55   640   468   77   972   136   50   292   774   313   748   144   1194   211   1049   1029   136   1092   506   425   439   483   162   416   130   140   702   1034   161   1018   947   363   436   691   400   886   1206   123   160   326   1045   17   464   1200   461   1021   915   517   1080   1048   401   1724   1018   637   146   477   437   975   716   229   44   153   187   194   1046   525   238   0   371   1034   160   44   57   115   101   340   274   103   806   1107   68   900   1116   675   477   322   803   911   1021   170   43   522   562   178   918   241   650   530   1037   1013   174   162   1165   524   549   904   851   407   223   113   1234   370   223   41   351   937   837   151   521   140   351   241   791   296   163   561   1102   92   377   150   418   436   272   1059   102   367   103   778   
1045   178   16   326   1155   653   331   318   597   1153   800   57   1016   115   159   109   334   712   619   517   424   433   1075   539   443   297   221   806   263   678   1161   0   638   360   148   183   15   14   168   846   451   112   1001   918   472   976   1024   866   1169   1204   148   19   409   77   131   166   531   559   945   881   880   1036   534   1150   1136   78   141   162   342   24   81   789   543   133   1090   992   421   127   571   3   504   160   589   152   473   686   696   535   521   1051   131   348   23   410   12   123   290   148   680   135   847   149   795   458   1169   1197   463   127   94   1140   31   131   12   126   1119   558   1039   135   41   1198   368   1230   1017   588   122   397   840   389   1077   1032   7   572   0   0   1688   778   539   138   439   129   150   98   810   576   473   269   38   46   125   107   1191   41   181   562   86   633   1142   15   677   1044   369   90   106   439   162   321   847   30   1240   864   436   173   425   1143   625   28   143   1160   218   179   365   418   20   519   200   1066   72   168   110   74   267   16   158   507   535   455   378   460   477   624   
560   0   555   180   316   427   228   1184   62   189   929   313   364   1165   442   207   1138   86   441   653   303   615   100   532   174   161   1163   32   372   414   1156   638   0   438   135   803   396   260   1146   1066   1046   391   156   280   1103   392   436   777   99   522   605   396   1197   405   155   57   210   975   511   13   0   21   1057   1203   62   21   174   156   148   525   1024   27   162   24   86   135   340   117   659   1806   1233   223   64   152   8   116   1161   444   490   626   7   277   1066   434   1169   257   874   1012   1059   549   131   157   1062   137   136   459   178   452   1066   57   160   929   144   158   551   846   81   1148   937   552   718   41   940   35   142   36   114   182   0   93   540   696   1064   145   815   469   407   926   74   1167   102   36   50   39   21   228   1088   619   1001   172   527   594   209   299   418   175   480   127   1206   147   126   1079   1633   47   16   348   1118   100   128   392   255   670   392   1085   1084   357   371   374   258   680   12   1613   225   103   532   546   946   92   147   219   419   617   402   833   1066   1150   1090   496   1112   1006   
