150
0   540   11   1098   1093   128   500   1080   986   1162   305   615   621   264   340   926   88   378   134   109   144   532   441   448   345   397   537   595   78   148   1042   127   562   61   330   0   201   0   101   0   536   115   382   104   395   287   46   405   866   1144   136   486   752   1105   622   510   1027   157   966   1048   852   487   511   51   700   701   438   440   331   75   19   82   1081   115   336   82   204   153   1140   1042   36   158   351   222   1120   304   423   0   85   231   1025   778   50   893   133   116   1044   140   181   549   155   136   98   90   267   145   495   586   135   490   1167   989   750   603   16   564   1066   459   1110   418   370   538   168   379   200   151   477   1119   669   405   1079   230   135   93   540   582   1004   155   57   1137   171   1233   211   1079   427   1107   487   79   1179   102   
540   0   221   688   736   358   700   1197   927   115   534   167   521   74   239   124   20   319   354   1240   381   990   657   830   1688   98   628   412   163   396   24   410   210   639   1029   503   293   590   321   495   1047   611   936   308   522   1143   438   98   949   114   203   1061   303   115   151   1150   593   1211   136   1220   19   226   68   37   478   130   549   100   1137   359   137   0   96   184   1142   175   1084   366   1031   137   164   123   161   532   526   226   393   132   166   503   14   663   602   436   50   432   555   803   1025   730   101   110   1024   706   972   420   1783   626   137   4   225   135   401   9   501   598   1095   380   359   394   8   300   1135   490   664   795   184   1126   1181   1175   880   386   0   142   165   443   722   84   116   561   1080   534   96   31   1648   826   880   382   605   65   
11   221   0   392   163   73   522   136   528   115   554   545   407   227   919   13   1592   12   28   43   568   167   856   1071   496   446   129   19   151   735   702   292   270   370   90   355   918   326   1145   1148   14   108   102   120   923   384   326   601   656   805   478   1001   223   104   30   1004   98   88   721   0   155   103   216   158   32   1039   456   611   126   1017   435   496   577   1248   370   1203   145   1752   412   122   224   234   388   473   553   626   157   12   907   374   1085   458   159   100   283   473   699   138   438   169   1803   141   163   455   102   1175   72   149   339   293   974   789   201   479   1068   646   68   195   895   385   75   472   131   1020   122   149   238   639   147   538   1131   52   146   132   408   122   396   355   247   133   721   0   436   564   446   1162   162   827   673   761   
1098   688   392   0   422   314   119   92   515   74   519   1030   274   120   199   528   57   1146   998   528   971   20   118   277   115   806   90   419   549   521   145   160   27   162   128   761   372   363   1145   549   1039   1022   51   1032   384   546   120   461   1132   5   426   537   130   1089   1075   1034   523   596   517   520   1732   122   0   141   149   455   651   665   1023   694   487   1028   451   553   17   0   911   171   133   553   618   20   980   370   354   626   534   436   1706   1207   167   155   716   292   1182   382   464   1019   165   553   394   114   1592   17   152   608   204   307   1012   85   3   509   235   151   31   474   450   770   1234   171   77   411   464   94   62   332   397   142   1029   131   1137   219   101   150   15   598   108   441   78   665   1029   123   322   240   345   427   394   296   456   95   
1093   736   163   422   0   428   172   145   1118   168   499   122   195   396   96   422   117   176   438   1153   967   1028   1006   327   510   35   389   296   634   571   551   1041   18   532   531   175   159   399   166   164   99   1014   1141   519   937   104   575   271   311   507   145   121   1165   1077   841   722   360   384   70   81   407   545   114   130   361   165   25   196   1205   216   1253   192   1044   173   976   508   373   511   155   490   134   443   119   455   505   774   1013   481   96   276   556   1068   239   370   621   223   441   510   1151   1080   585   0   696   393   1068   1065   699   125   495   448   175   1045   537   0   521   1000   670   161   280   435   13   142   38   1097   142   1098   357   433   241   1102   933   194   16   706   684   634   223   217   537   988   324   1009   215   597   412   286   209   443   442   411   
128   358   73   314   428   0   1258   549   660   410   308   438   329   181   595   570   136   16   321   1212   1191   75   455   19   492   339   200   507   112   428   195   423   588   1140   504   1101   98   237   142   104   1068   320   910   1   140   216   74   226   218   40   303   916   119   584   322   585   127   145   102   1050   459   127   324   116   636   81   123   1834   175   43   74   334   311   500   52   76   330   89   413   1776   255   57   1643   25   80   199   527   549   221   0   967   124   473   613   379   713   534   78   1077   1736   74   193   164   77   25   217   1001   108   1169   90   141   425   423   1142   1156   904   0   1143   661   533   342   293   1119   430   1084   437   15   577   1110   1132   315   1752   74   840   687   309   0   1026   0   1122   500   136   15   678   162   84   367   960   252   690   
500   700   522   119   172   1258   0   1080   1044   946   20   437   376   1067   560   709   1095   508   1596   132   390   517   1095   1176   1131   509   290   107   20   546   241   283   312   235   1076   176   75   847   1207   551   753   1758   482   578   673   1140   62   334   937   53   101   428   292   217   789   1040   543   15   353   0   468   372   480   141   491   678   451   139   389   181   1155   41   1017   145   553   1023   107   50   546   427   9   163   463   326   459   886   904   383   148   326   774   1753   695   236   368   189   169   127   151   83   116   1073   582   325   66   612   423   673   640   1046   184   548   387   913   107   598   312   324   701   112   1025   490   806   817   1039   25   112   321   53   528   528   860   441   235   163   448   1148   118   115   446   130   652   688   1018   507   151   58   145   223   415   
1080   1197   136   92   145   549   1080   0   298   397   954   372   409   109   419   265   178   712   524   625   448   1155   0   460   716   1062   202   425   757   525   186   19   841   976   155   1167   1042   382   499   1012   999   370   379   700   225   263   486   4   1139   718   425   954   1094   167   886   57   1113   164   276   476   119   1053   109   437   1086   425   25   59   1114   423   517   27   176   500   148   1220   510   630   145   407   290   325   220   932   170   101   286   32   313   51   553   991   1009   792   577   240   224   167   146   494   621   504   345   421   132   82   76   137   27   53   224   380   214   1167   50   49   226   985   177   831   102   176   1031   146   339   1086   504   1060   597   994   132   177   349   552   402   79   130   333   362   91   438   597   92   641   592   516   170   225   145   391   
986   927   528   515   1118   660   1044   298   0   451   31   108   506   15   22   670   539   0   228   235   1146   146   37   1068   378   276   193   1129   599   461   320   431   153   225   346   321   1153   37   272   587   537   1165   22   1019   168   1030   916   401   12   545   122   171   181   306   147   457   1136   98   167   490   451   324   448   1076   413   112   466   1114   85   1089   25   72   571   293   459   134   972   433   957   125   1182   165   511   55   19   112   721   419   334   772   530   807   652   267   521   184   1179   921   383   44   134   389   364   117   1155   1036   1231   530   364   115   303   211   461   1032   695   697   1038   553   327   181   115   115   158   643   761   1633   130   864   954   0   384   137   4   534   697   1026   365   1004   167   1151   1080   95   571   131   75   952   23   99   682   143   
1162   115   115   74   168   410   946   397   451   0   624   98   168   954   778   225   18   335   570   442   952   535   912   322   588   369   350   354   926   1146   308   318   436   225   1064   25   44   126   1149   535   124   378   593   0   156   62   41   1709   169   473   1143   333   670   451   226   582   449   556   49   976   1006   117   1022   133   520   837   154   151   243   947   410   96   373   1216   290   457   167   876   520   383   111   510   577   457   481   383   626   99   505   487   159   187   716   1140   477   336   1205   430   991   1044   181   734   371   211   1087   150   167   454   1154   11   325   330   496   151   601   115   31   1205   238   300   164   781   1108   937   201   957   1776   119   112   158   764   365   574   428   138   569   372   716   1136   933   366   386   1084   126   211   646   181   99   24   177   
305   534   554   519   499   308   20   954   31   624   0   38   1007   1114   1103   612   168   396   561   532   44   1024   535   1803   394   1027   1731   218   1142   999   367   38   456   419   152   162   154   112   572   173   528   146   994   122   393   505   841   22   23   504   378   122   142   588   1004   781   315   518   1167   158   1122   177   185   159   411   185   146   503   532   1113   1698   1032   347   132   792   570   1089   1803   747   1099   568   671   60   456   302   172   354   191   272   326   910   380   514   264   98   557   1090   1112   593   373   81   21   181   165   640   69   12   145   322   60   100   56   588   1153   14   228   554   365   1187   22   315   586   538   90   866   670   918   728   696   937   708   508   173   1072   657   466   1087   0   55   803   428   393   255   187   433   286   191   568   1150   101   
615   167   545   1030   122   438   437   372   108   98   38   0   345   425   529   109   524   39   1001   1114   22   151   550   554   505   182   664   108   1088   30   1206   302   67   74   179   116   139   1167   530   146   392   122   305   1130   511   137   137   1203   542   657   537   336   255   1020   989   320   92   330   590   98   35   13   1159   400   274   787   190   549   520   108   454   1058   221   997   1749   1172   596   577   159   152   319   125   1038   1006   1021   35   1114   935   78   1196   364   57   17   44   179   771   443   995   874   311   350   179   23   1064   695   338   447   234   209   461   131   552   523   321   904   421   292   196   979   419   56   114   226   687   1079   971   387   407   85   1120   1061   447   91   1002   138   117   184   108   128   143   255   103   41   1011   298   409   1080   284   173   450   
621   521   407   274   195   329   376   409   506   168   1007   345   0   1034   379   115   1205   57   593   57   585   101   661   660   333   41   510   1079   907   601   114   400   228   698   699   164   319   891   11   38   17   1030   638   1079   487   87   681   89   1000   161   1049   78   1073   537   978   101   339   159   505   102   94   1181   141   273   555   389   1110   915   9   1040   326   32   228   57   371   14   721   117   1695   1167   391   168   30   555   93   918   165   1159   9   211   561   649   64   1000   166   1003   575   1189   425   1031   296   423   599   691   354   396   744   387   1021   138   718   474   1083   430   305   258   19   396   1016   36   150   680   20   386   1065   484   386   1038   210   546   1067   143   487   126   292   643   145   109   670   408   846   1027   1154   297   553   597   587   103   77   1078   
264   74   227   120   396   181   1067   109   15   954   1114   425   1034   0   225   1044   145   124   415   1099   971   1113   1237   316   597   286   540   215   141   85   255   316   910   442   553   58   587   72   558   315   27   447   13   362   50   93   1048   1074   86   113   296   1775   841   115   207   5   438   374   13   209   123   116   336   148   88   322   375   625   222   434   67   156   907   211   19   1076   117   609   1115   303   1064   41   1045   999   112   154   163   989   174   643   1809   1752   1149   109   243   571   101   184   165   277   937   1105   510   1050   674   1132   555   395   128   1048   296   502   173   326   531   519   641   1019   370   49   108   9   502   1024   178   155   640   1052   138   34   51   1113   1105   405   133   1066   439   128   0   199   172   131   531   82   160   229   521   330   654   904   
340   239   919   199   96   595   560   419   22   778   1103   529   379   225   0   679   1137   89   718   1592   449   891   25   148   375   954   621   560   92   109   454   207   733   292   114   158   1064   619   332   1202   386   891   336   952   104   64   54   173   467   1220   207   287   234   718   742   223   1105   50   1080   21   275   370   82   14   441   456   527   71   546   101   807   764   144   85   1022   419   127   166   421   55   1130   97   90   608   723   404   886   442   460   140   598   15   472   216   307   1159   1203   188   363   6   677   505   212   336   519   1046   1045   866   511   306   185   1013   40   440   1172   450   618   708   555   337   387   436   1253   413   780   270   98   754   255   165   164   35   345   1043   1075   1021   131   485   391   1174   972   754   1732   1612   591   100   605   236   64   89   
926   124   13   528   422   570   709   265   670   225   612   109   115   1044   679   0   407   222   475   271   449   156   329   555   1194   904   408   617   206   67   97   212   807   327   311   650   176   119   502   516   165   592   69   1038   117   1660   549   722   783   237   383   104   1016   419   460   401   487   507   652   117   27   271   755   1146   1074   375   513   399   983   483   907   1075   158   1062   114   158   76   758   386   554   777   1061   162   1102   40   374   430   196   378   394   139   474   550   136   384   605   1144   720   61   110   472   433   419   175   1136   347   169   502   164   486   176   675   1013   120   1101   116   626   387   202   155   1158   137   380   665   46   460   162   437   694   131   190   1061   134   646   1138   701   1241   70   514   214   207   53   469   1119   148   36   860   841   621   115   
88   20   1592   57   117   136   1095   178   539   18   168   524   1205   145   1137   407   0   119   378   102   528   155   1089   782   1178   337   472   162   636   536   38   1093   198   337   528   1776   542   77   381   369   713   702   1073   206   762   1009   761   778   14   149   123   460   1145   410   789   81   117   21   544   1194   425   81   971   1129   387   64   838   1211   638   380   272   305   114   742   162   547   555   313   67   644   1022   159   502   145   163   1205   547   0   1728   94   1024   1141   141   86   405   155   50   194   82   531   618   123   422   220   761   508   365   851   1149   627   707   205   11   434   223   321   397   1024   674   98   155   1001   1612   295   146   13   402   321   551   312   496   101   322   70   603   1126   513   148   184   450   62   327   248   1108   313   152   289   591   209   389   
378   319   12   1146   176   16   508   712   0   335   396   39   57   124   89   222   119   0   100   53   439   1725   475   551   165   64   164   1083   956   214   434   454   437   236   933   447   216   791   1094   1638   760   469   511   1048   148   608   184   582   1048   155   117   363   211   146   100   413   45   1189   174   1093   1167   514   438   0   583   652   549   89   510   43   565   987   400   149   913   109   450   971   728   419   133   82   271   1114   1072   135   1026   569   1069   1087   1033   947   569   383   176   795   302   140   1049   1646   969   1017   1072   14   1092   1000   7   115   456   596   365   176   96   664   379   144   467   1138   165   17   57   1031   499   220   513   538   337   569   351   156   552   464   156   110   407   538   653   1031   22   1101   1129   1009   470   0   81   580   37   1129   90   1129   
134   354   28   998   438   321   1596   524   228   570   561   1001   593   415   718   475   378   100   0   463   337   910   439   148   561   1189   573   111   570   35   1695   1099   98   138   568   119   932   41   74   163   77   191   295   581   1138   372   550   1174   1111   142   570   1044   382   387   303   42   396   61   405   149   49   82   12   502   714   951   190   556   772   148   91   1088   382   1001   277   499   175   378   371   159   112   493   170   549   553   781   1243   128   330   603   113   122   603   1102   687   783   540   1005   160   1130   550   598   136   1031   236   187   1025   276   258   20   136   112   556   1046   462   49   17   967   551   619   1000   554   972   128   1065   296   504   388   389   187   27   249   1112   132   522   202   152   522   1065   378   98   642   1024   1214   193   936   1005   349   1137   90   
109   1240   43   528   1153   1212   132   625   235   442   532   1114   57   1099   1592   271   102   53   463   0   1135   1140   758   1220   423   128   1122   5   1037   288   148   19   557   17   134   117   1170   151   0   112   1004   778   63   20   6   504   1073   159   369   1196   155   122   838   1808   171   110   216   1103   131   772   179   338   469   9   226   23   0   1089   699   571   580   568   1060   374   590   1596   595   418   534   530   1226   576   94   358   319   138   742   83   552   95   284   101   234   937   1077   94   133   544   531   977   0   118   70   1718   21   463   152   1184   649   153   1831   554   453   1151   137   1102   1026   800   142   342   387   137   361   1168   323   42   352   461   518   220   750   1174   15   1728   932   558   90   552   162   88   1146   509   1130   164   119   1648   1233   1073   1214   652   
144   381   568   971   967   1191   390   448   1146   952   44   22   585   971   449   449   528   439   337   1135   0   1024   554   1037   66   286   84   910   456   0   165   718   161   470   27   526   13   108   332   967   470   1045   298   1141   358   723   525   431   368   970   239   1100   148   339   1046   149   1188   541   504   981   1000   725   35   1738   88   128   460   113   446   144   151   1018   242   419   130   1159   330   80   47   292   228   882   424   116   185   32   226   304   918   131   434   112   400   147   678   674   102   1047   487   415   463   895   94   222   407   70   1099   1149   342   1039   1220   1266   776   1027   524   552   283   660   95   122   1036   1145   136   423   19   950   530   200   130   219   179   975   176   162   679   311   59   111   502   659   298   600   207   67   301   432   31   185   601   164   
532   990   167   20   1028   75   517   1155   146   535   1024   151   101   1113   891   156   155   1725   910   1140   1024   0   224   120   1030   353   136   187   830   479   433   66   175   596   654   1066   131   64   90   303   1096   546   108   367   469   324   557   566   137   938   399   661   27   74   493   119   1154   369   725   1080   1075   994   542   126   1059   52   779   46   126   368   999   501   389   1169   330   119   1025   296   411   223   1164   326   1179   11   166   678   225   74   372   115   1103   224   422   516   546   1093   893   102   544   722   575   17   808   985   589   445   585   133   117   167   1048   143   566   373   343   500   344   975   176   638   1039   175   1001   1114   550   216   1061   708   365   438   72   1033   669   718   508   1726   92   75   88   1125   597   347   125   392   154   9   135   49   20   1750   
441   657   856   118   1006   455   1095   0   37   912   535   550   661   1237   25   329   1089   475   439   758   554   224   0   75   457   423   496   433   176   147   362   288   519   516   427   67   295   142   446   158   1705   423   60   524   219   155   512   557   1000   499   735   129   1145   594   212   1237   625   130   803   1065   587   318   64   231   101   803   436   492   417   407   622   112   71   20   468   487   106   30   677   415   652   490   126   21   42   1701   1155   437   407   387   463   400   119   573   1172   165   142   44   114   152   1239   613   373   524   646   1013   118   564   403   675   665   1080   1140   371   60   1021   546   456   393   136   180   448   140   782   124   292   255   316   290   69   159   1105   64   1090   539   645   1050   302   390   1170   108   435   53   7   1211   911   209   149   21   140   
448   830   1071   277   327   19   1176   460   1068   322   1803   554   660   316   148   555   782   551   148   1220   1037   120   75   0   367   372   25   296   1758   927   163   86   167   70   983   133   1024   309   421   366   315   302   531   128   1187   13   55   93   384   80   1060   1032   651   516   911   204   869   1076   299   569   15   157   537   549   1172   1066   279   94   140   583   147   1170   458   381   1039   280   428   57   1122   695   1267   1065   975   454   458   396   641   1231   1132   67   1161   226   541   1080   860   556   157   503   190   1238   1191   1210   463   313   800   126   156   774   66   381   205   679   151   562   39   344   168   578   97   617   56   427   0   181   483   43   812   490   501   389   126   910   249   18   529   400   309   157   345   19   164   1027   142   221   374   846   505   322   313   1050   
345   1688   496   115   510   492   1131   716   378   588   394   505   333   597   375   1194   1178   165   561   423   66   1030   457   367   0   1130   1809   470   1613   1046   1114   466   41   336   358   1119   134   557   156   308   102   966   216   1135   133   1025   966   304   532   15   133   308   44   303   173   1066   825   321   683   1116   192   549   532   211   1189   1078   461   15   167   630   436   55   1061   179   1783   98   466   457   951   148   46   1043   226   594   355   366   139   484   73   370   430   18   394   841   399   131   5   1202   221   37   1022   165   711   1207   1118   20   428   166   319   806   490   373   605   19   19   537   222   1046   141   280   598   175   569   153   706   1080   440   1750   599   555   116   615   159   330   528   128   327   600   1068   360   411   411   138   1170   517   361   45   225   148   124   
397   98   446   806   35   339   509   1062   276   369   1027   182   41   286   954   904   337   64   1189   128   286   353   423   372   1130   0   57   529   522   795   475   216   84   32   671   345   165   114   486   119   520   387   954   200   159   598   1132   296   299   389   550   499   373   683   639   241   1098   419   584   792   1094   518   1016   41   525   121   535   418   175   485   51   91   352   1086   313   0   795   1179   1012   315   22   0   332   525   376   71   306   389   191   74   173   368   64   70   742   40   447   211   950   140   506   1048   136   406   896   217   38   1094   927   1019   148   248   1237   358   401   175   126   588   423   806   981   206   62   527   625   347   74   17   577   15   1179   603   1146   487   45   238   129   519   12   122   154   1220   295   456   1060   1080   630   570   111   1000   
537   628   129   90   389   200   290   202   193   350   1731   664   510   540   621   408   472   164   573   1122   84   136   496   25   1809   57   0   450   619   125   304   345   706   57   84   126   1039   1011   123   553   928   288   467   368   293   1646   1031   69   490   82   371   854   108   716   162   290   487   81   101   231   1175   911   1059   1054   966   100   496   308   148   412   561   80   560   65   337   86   566   521   619   1210   831   6   321   1130   167   314   114   136   454   273   117   549   136   304   505   398   1178   132   1131   1026   292   568   374   169   102   473   538   793   1200   156   1206   1170   119   97   301   78   895   190   360   102   1191   1200   487   251   1192   67   425   28   963   988   6   179   36   267   527   108   1019   225   1039   9   379   62   623   960   618   64   1156   997   107   563   
595   412   19   419   296   507   107   425   1129   354   218   108   1079   215   560   617   162   1083   111   5   910   187   433   296   470   529   450   0   142   1169   1067   1089   125   349   688   517   218   515   667   223   452   1758   245   74   0   1017   546   1122   369   1049   181   136   667   619   708   32   28   57   409   619   806   131   336   525   142   228   136   441   652   846   425   1176   631   119   221   407   619   556   336   0   240   1103   1087   158   141   181   1111   1080   82   254   591   747   1132   1147   374   631   15   1140   730   795   705   174   755   1086   349   106   539   49   1082   163   57   384   754   991   13   621   924   133   296   453   375   1175   1188   1226   109   1102   1180   94   1080   140   399   507   370   482   467   460   14   236   226   1102   554   35   202   970   133   312   652   119   525   433   
78   163   151   549   634   112   20   757   599   926   1142   1088   907   141   92   206   636   956   570   1037   456   830   176   1758   1613   522   619   142   0   541   510   326   106   74   361   519   698   912   938   455   1086   104   334   537   146   952   334   463   148   217   499   42   129   373   504   131   10   1194   966   117   145   139   1129   442   430   641   148   126   355   602   373   157   19   102   1118   34   118   917   1105   560   1090   700   1059   1124   977   135   582   181   127   723   140   401   969   158   569   598   312   1193   555   557   1161   255   1101   34   950   86   1018   474   1090   1047   347   67   1167   100   373   555   906   426   86   364   68   126   1149   387   564   1068   1206   179   1131   21   1136   461   216   701   818   134   1191   1194   251   198   569   519   200   104   203   90   122   511   102   1831   
148   396   735   521   571   428   546   525   461   1146   999   30   601   85   109   67   536   214   35   288   0   479   147   927   1046   795   125   1169   541   0   293   674   219   1130   70   151   238   1095   519   123   211   536   370   362   84   417   328   813   833   597   536   563   680   375   235   702   109   748   400   1086   106   162   23   507   771   173   779   27   81   483   1086   1189   936   147   1736   1103   855   137   1124   477   32   72   746   532   154   72   659   189   496   116   37   437   537   549   1101   980   392   415   148   386   1000   41   279   740   599   1054   362   313   545   19   348   309   895   175   55   1084   1122   702   64   90   346   491   1005   415   1005   287   781   63   82   103   1080   139   422   349   514   166   144   427   1758   285   345   1067   906   154   238   729   119   139   979   1088   
1042   24   702   145   551   195   241   186   320   308   367   1206   114   255   454   97   38   434   1695   148   165   433   362   163   1114   475   304   1067   510   293   0   837   200   129   1097   1015   116   140   83   142   754   770   617   405   165   178   465   400   380   1080   93   878   390   1025   481   712   6   706   1221   478   1064   90   598   972   136   1205   0   1749   538   969   76   245   48   304   408   1167   1221   626   519   1648   333   171   98   12   326   255   1801   191   680   1000   568   45   1230   1061   90   192   179   542   122   206   593   384   1113   451   162   621   107   490   1053   926   1045   206   570   370   214   918   226   255   502   758   176   1110   1154   374   700   255   374   1187   527   165   1018   1074   60   1058   699   700   87   1048   1056   255   1138   316   316   77   504   548   1062   931   179   31   
127   410   292   160   1041   423   283   19   431   318   38   302   400   316   207   212   1093   454   1099   19   718   66   288   86   466   216   345   1089   326   674   837   0   322   787   740   288   596   322   163   396   1230   1181   556   355   209   919   137   71   336   1006   334   5   1657   32   950   1174   93   62   78   401   117   395   570   370   1190   1246   938   63   1095   640   67   102   162   134   411   407   1071   677   496   336   1098   593   1165   744   159   145   1206   1765   739   137   497   652   175   52   994   569   1073   507   19   131   716   487   349   127   536   339   73   114   183   614   1139   155   1068   178   1129   457   137   34   137   461   92   1061   114   161   200   721   163   1093   196   69   160   44   618   542   1064   999   460   336   132   686   109   119   566   79   1728   154   929   152   136   193   
562   210   270   27   18   588   312   841   153   436   456   67   228   910   733   807   198   437   98   557   161   175   519   167   41   84   706   125   106   219   200   322   0   962   740   70   32   405   781   686   397   805   128   89   422   1202   458   1103   290   702   954   288   447   554   165   399   499   935   782   26   653   383   403   1669   372   1114   100   441   411   1081   402   549   764   623   1066   692   250   161   392   206   779   1053   508   516   355   832   105   92   255   546   499   1212   200   235   1726   205   611   852   1172   467   47   296   224   129   154   14   1669   476   737   188   133   544   115   704   1141   1751   1114   15   342   1079   391   187   70   354   296   10   25   122   133   470   143   538   214   1240   593   221   1022   355   55   573   599   921   211   463   234   168   473   525   590   86   
61   639   370   162   532   1140   235   976   225   225   419   74   698   442   292   327   337   236   138   17   470   596   516   70   336   32   57   349   74   1130   129   787   962   0   474   571   249   110   466   6   723   146   190   108   103   772   524   907   57   1159   19   16   70   761   967   234   981   333   218   458   149   21   915   642   1011   1008   142   328   1162   308   136   61   454   228   160   1009   1056   39   79   1657   523   618   164   521   143   220   6   290   1189   213   139   70   614   280   110   686   782   476   1145   19   333   408   1141   512   1230   568   158   109   483   397   531   642   130   518   657   152   1145   558   401   1093   485   153   951   410   422   398   864   37   82   142   217   1048   206   402   0   60   497   330   152   384   605   989   1130   800   1068   167   226   774   138   131   
330   1029   90   128   531   504   1076   155   346   1064   152   179   699   553   114   311   528   933   568   134   27   654   427   983   358   671   84   688   361   70   1097   740   740   474   0   48   0   152   743   440   119   1709   999   1175   224   258   401   158   133   694   72   195   950   231   140   508   460   147   1803   100   536   617   13   383   718   334   50   1110   460   1137   363   568   1174   41   439   296   1142   1165   13   311   56   538   49   380   588   67   219   419   763   540   625   270   1093   991   9   1188   810   1106   1122   382   686   1596   336   0   1031   538   1009   78   1156   323   624   163   103   319   344   1068   330   910   1251   117   1237   165   202   429   67   1046   595   290   173   297   686   345   263   256   29   1073   99   525   151   111   1092   172   1146   122   24   320   669   456   1000   96   
0   503   355   761   175   1101   176   1167   321   25   162   116   164   58   158   650   1776   447   119   117   526   1066   67   133   1119   345   126   517   519   151   1015   288   70   571   48   0   1068   1063   138   17   195   46   496   122   98   320   1097   225   0   441   806   164   128   141   324   21   565   917   102   191   1079   114   469   172   288   413   652   882   447   277   540   680   373   258   1581   81   162   1001   323   381   1026   562   1130   92   52   389   1064   147   260   537   1029   41   404   168   85   874   188   373   1114   90   1207   1196   594   1016   403   244   315   383   125   529   418   787   1086   552   1643   36   22   876   136   178   1803   508   1094   509   1016   548   148   322   393   419   146   78   618   357   1207   547   523   657   1080   660   1109   77   244   364   393   0   252   490   254   914   
201   293   918   372   159   98   75   1042   1153   44   154   139   319   587   1064   176   542   216   932   1170   13   131   295   1024   134   165   1039   218   698   238   116   596   32   249   0   1068   0   145   1196   1736   1148   397   26   15   656   674   1110   1042   119   63   394   960   617   290   509   497   144   386   190   323   308   28   528   1755   394   130   490   216   127   163   216   53   991   285   1159   175   1145   88   361   1152   673   553   168   651   497   366   82   525   0   314   0   191   20   78   1190   980   960   136   421   519   337   41   163   447   754   223   588   30   159   300   791   120   13   1119   524   211   722   222   281   789   53   280   1230   103   280   494   138   382   287   714   1223   290   275   918   1137   764   761   464   983   687   552   483   330   361   18   66   73   615   1099   149   
0   590   326   363   399   237   847   382   37   126   112   1167   891   72   619   119   77   791   41   151   108   64   142   309   557   114   1011   515   912   1095   140   322   405   110   152   1063   145   0   1834   390   1039   320   882   534   325   1119   423   158   115   585   553   1058   0   241   723   1009   129   721   408   1023   407   502   372   72   175   1136   71   1144   292   762   572   166   384   680   86   509   176   1226   1046   133   84   625   286   207   165   1013   235   119   288   92   133   1093   808   556   409   313   384   293   131   210   112   455   147   1714   642   419   643   591   18   1075   1026   577   1205   535   175   422   132   88   1090   553   497   67   130   135   425   115   354   336   831   618   532   240   381   940   119   678   479   922   308   736   148   352   495   1017   305   31   519   64   545   146   
101   321   1145   1145   166   142   1207   499   272   1149   572   530   11   558   332   502   381   1094   74   0   332   90   446   421   156   486   123   667   938   519   83   163   781   466   743   138   1196   1834   0   688   391   98   679   896   125   720   475   348   782   302   545   165   217   90   27   533   415   438   427   713   639   151   572   312   129   241   443   1025   417   257   6   90   96   1781   677   362   24   432   290   683   89   186   1058   202   144   73   603   441   264   21   538   318   1025   1075   214   364   674   549   511   134   552   15   586   571   67   598   218   595   1175   196   496   186   22   1027   1072   630   401   34   886   281   127   526   160   1749   49   721   92   436   973   1077   264   1142   667   14   47   568   1136   758   9   695   598   552   438   604   170   458   392   165   0   375   
0   495   1148   549   164   104   551   1012   587   535   173   146   38   315   1202   516   369   1638   163   112   967   303   158   366   308   119   553   223   455   123   142   396   686   6   440   17   1736   390   688   0   1054   718   292   362   1020   204   505   325   436   495   180   846   32   646   116   218   480   200   272   123   273   71   324   144   119   981   374   691   1169   473   255   158   665   131   555   150   1039   55   419   1165   386   276   378   370   112   163   316   600   591   37   1093   158   1192   1108   41   1053   440   754   578   1000   300   103   456   1114   426   1093   20   448   336   553   1167   383   378   107   979   1073   1612   550   538   158   700   90   294   999   148   311   401   1179   312   1004   405   624   608   172   1093   8   1108   430   1198   42   133   179   638   19   574   636   441   221   191   382   
536   1047   14   1039   99   1068   753   999   537   124   528   392   17   27   386   165   713   760   77   1004   470   1096   1705   315   102   520   928   452   1086   211   754   1230   397   723   119   195   1148   1039   391   1054   0   472   114   418   1207   510   376   131   546   1073   330   502   698   87   103   130   1087   527   475   364   441   187   153   1023   754   151   372   1098   1146   578   179   69   314   460   161   1180   436   145   125   1188   423   189   410   143   90   778   148   87   686   0   370   1035   626   400   131   490   361   510   1209   218   164   90   111   742   441   19   372   623   1107   636   644   333   30   21   942   72   264   233   511   423   328   92   1010   151   327   313   415   64   931   437   532   400   166   1187   348   275   172   539   1781   64   114   718   487   799   646   396   132   90   52   808   
115   611   108   1022   1014   320   1758   370   1165   378   146   122   1030   447   891   592   702   469   191   778   1045   546   423   302   966   387   288   1758   104   536   770   1181   805   146   1709   46   397   320   98   718   472   0   653   513   181   552   1028   380   521   473   750   318   15   643   128   331   907   1074   10   1160   104   363   163   778   842   904   436   400   1066   526   678   1592   800   1142   1079   511   745   1023   490   269   1114   519   569   588   336   964   82   154   1084   451   290   1167   1117   441   269   327   332   1072   650   133   19   498   133   604   306   21   645   915   614   1218   114   273   403   77   173   55   279   172   1049   570   1230   534   778   1159   21   148   306   1155   19   549   135   590   1054   722   0   130   269   1612   24   996   546   348   132   80   1175   361   319   21   1714   795   
382   936   102   51   1141   910   482   379   22   593   994   305   638   13   336   69   1073   511   295   63   298   108   60   531   216   954   467   245   334   370   617   556   128   190   999   496   26   882   679   292   114   653   0   333   92   312   37   21   144   77   1079   307   275   485   682   789   44   743   124   130   521   191   442   82   1068   353   1039   516   390   55   179   152   62   1026   998   1084   1047   296   1145   408   1067   956   642   116   1143   678   997   546   138   624   600   225   122   439   137   131   443   19   356   37   527   384   344   147   143   23   543   1132   759   179   176   661   503   532   23   147   1093   455   652   502   76   24   463   100   77   401   465   115   597   716   104   626   101   57   1138   397   156   334   71   305   310   911   1080   487   461   406   519   126   523   138   
104   308   120   1032   519   1   578   700   1019   0   122   1130   1079   362   952   1038   206   1048   581   20   1141   367   524   128   1135   200   368   74   537   362   405   355   89   108   1175   122   15   534   896   362   418   513   333   0   147   91   157   561   383   569   538   167   228   370   355   350   149   1000   56   83   807   554   147   1239   374   274   46   155   484   134   1113   281   599   900   408   812   1038   196   71   694   91   174   474   466   1736   1013   473   440   19   124   552   156   1051   458   74   893   1037   549   712   168   900   99   228   789   1026   0   361   560   169   627   302   1004   61   260   1206   743   487   817   16   81   226   621   1086   746   574   138   1152   229   415   383   95   257   425   363   9   380   1701   972   400   18   464   119   1783   514   155   1612   308   263   56   149   
