200
0   519   18   124   210   429   1021   103   522   840   231   404   330   1102   156   410   532   348   582   355   1004   211   1638   419   1155   699   777   1205   147   127   1077   1007   210   1114   181   183   72   597   902   215   1017   196   1726   819   122   358   1776   447   578   23   75   626   50   53   147   153   135   266   1135   537   981   519   137   58   433   53   99   1022   336   330   973   1185   1094   830   517   135   1089   255   672   397   164   835   142   91   391   385   100   320   218   361   172   1237   119   179   658   1266   124   34   14   181   153   1161   316   503   181   1102   92   135   23   105   136   158   555   552   736   18   390   156   788   352   69   722   528   383   365   181   49   574   175   778   637   419   1243   231   271   264   1084   398   392   77   235   1592   587   1079   122   114   315   162   434   52   638   1211   133   1068   598   434   283   1072   137   110   376   145   222   657   624   212   1078   182   84   439   225   1146   540   1002   82   145   283   719   118   554   389   51   124   922   1024   1053   917   951   132   99   1   1080   47   170   549   323   139   283   255   21   
519   0   112   640   15   1114   437   142   521   272   339   686   1138   332   757   428   1038   110   441   496   367   604   94   437   487   975   524   1054   80   647   203   747   366   1102   582   140   900   678   1076   166   389   133   508   1018   88   128   808   24   103   379   1128   566   556   963   390   219   670   497   557   0   316   1145   339   142   1203   619   582   98   71   285   23   277   69   897   54   116   504   330   710   670   107   337   926   119   646   1239   104   164   456   382   761   227   371   447   179   545   130   537   529   0   532   387   155   1206   185   1694   288   1039   586   493   470   1758   860   629   1023   1145   712   135   849   1046   0   452   25   184   140   114   98   654   358   677   448   560   556   296   1066   544   1090   838   440   496   440   1596   1022   1056   138   527   618   37   143   408   292   107   1700   147   71   222   202   675   251   119   200   428   370   240   524   108   318   1204   1158   365   782   788   332   316   113   477   624   163   388   443   467   206   425   523   120   17   419   53   249   880   313   124   79   64   599   387   195   6   297   712   
18   112   0   469   142   475   1181   1172   532   493   368   116   144   440   275   99   572   686   58   532   365   218   18   666   570   755   41   907   632   39   92   163   35   916   334   571   228   20   711   1233   1028   623   58   549   180   130   990   423   425   1783   517   448   1030   1125   748   1187   538   101   413   1016   547   548   104   128   361   954   234   518   611   354   701   1043   666   354   687   167   402   15   459   1191   147   34   625   799   508   141   1237   418   1736   70   105   143   158   1109   122   157   546   975   912   1002   124   1132   437   706   996   527   40   695   0   352   206   782   151   149   199   799   592   1007   156   313   70   496   46   617   685   1224   81   1086   396   346   138   545   1142   267   18   987   517   1076   190   364   546   1023   455   112   69   1725   558   904   425   603   114   175   428   656   140   149   484   1144   1648   796   406   1758   179   987   68   168   164   754   1062   239   100   219   1240   447   1146   1206   1059   1170   1045   238   456   498   5   1024   1148   138   179   332   1056   710   553   321   517   223   597   625   1041   181   72   90   
124   640   469   0   548   485   365   618   175   184   1175   34   172   496   140   158   41   0   1098   141   27   162   716   142   473   128   1206   231   61   598   136   131   514   437   1007   89   303   66   1233   1194   1061   497   1132   63   397   423   119   1172   44   36   991   472   164   1137   147   428   540   173   714   0   1155   566   310   258   355   1188   43   1077   523   371   245   164   285   36   366   126   88   1093   136   602   582   846   1216   683   122   529   160   941   992   1197   441   416   150   342   361   789   1701   954   447   61   588   1732   1158   202   433   1019   1073   950   1108   372   97   387   82   84   18   1031   138   111   199   337   554   102   216   670   98   336   48   1136   190   432   621   966   188   346   14   653   493   1154   1211   125   716   44   554   437   298   132   1137   183   1237   88   35   938   178   138   270   157   190   433   283   545   896   639   1808   119   15   139   217   92   557   195   142   500   1613   778   820   312   1102   1094   777   800   1154   1026   1233   0   66   305   97   1726   395   326   98   222   387   349   210   806   131   202   1003   1076   
210   15   142   548   0   646   189   343   742   394   778   32   1142   439   1226   926   423   119   515   136   70   85   0   812   1019   381   135   195   110   318   226   973   1127   1171   584   1094   86   1679   1138   651   119   388   19   124   642   1736   138   142   207   34   496   1129   28   51   373   341   318   702   778   175   390   0   755   149   1196   125   382   766   210   496   987   152   34   913   842   145   18   550   1111   116   44   39   302   16   1233   1046   23   106   876   1738   1146   657   322   145   174   275   0   162   1618   646   139   57   734   1114   115   133   600   536   537   535   165   372   51   19   167   112   1616   129   178   1751   213   277   398   384   166   1073   539   530   98   1194   326   148   530   1226   450   327   750   87   331   0   107   379   1024   1187   92   331   130   919   1190   1161   98   1073   436   429   333   582   387   23   1061   1058   555   388   306   722   82   985   78   757   1132   313   18   521   124   951   539   159   645   1073   117   907   142   960   390   718   92   20   273   337   781   1806   882   470   788   1011   128   1172   330   778   457   1084   
429   1114   475   485   646   0   671   371   1087   389   257   135   523   305   52   66   1175   1086   479   461   311   918   1205   142   280   1005   196   323   702   269   916   1080   111   6   110   1143   322   1831   472   979   333   926   1130   18   519   132   245   1048   320   64   274   32   208   88   747   1073   131   404   149   585   1066   71   190   137   25   1111   151   39   472   11   454   1049   499   1196   1230   200   51   36   14   582   74   231   18   596   43   374   93   918   482   800   249   165   490   163   1114   975   621   28   284   374   1084   600   1248   852   50   1267   170   1084   1191   1695   141   499   551   98   1084   1083   1077   159   50   706   960   131   316   90   1086   882   541   112   522   383   267   38   207   503   534   502   999   1094   670   1175   54   549   504   150   564   463   0   127   143   515   1022   787   393   192   277   163   161   608   293   109   946   369   24   200   486   387   15   126   92   852   487   1109   97   257   280   355   714   860   263   156   0   1044   674   792   542   684   129   375   116   53   52   144   1084   1613   412   906   540   518   167   116   
1021   437   1181   365   189   671   0   1148   300   1660   948   433   75   537   139   90   112   575   1161   400   1011   556   456   1114   1073   916   16   963   6   651   132   401   16   11   1834   461   938   891   667   1077   1058   187   3   518   121   637   598   681   0   950   761   327   128   997   519   59   941   300   22   981   469   1103   1074   162   16   626   1052   1164   355   423   164   171   621   175   497   504   1093   299   133   244   1170   64   882   709   401   131   976   167   449   1037   1011   1167   355   163   428   1160   585   409   456   292   568   6   80   1084   527   546   88   44   264   554   1028   419   269   1172   235   1045   15   1694   952   1130   532   696   51   122   102   279   16   166   551   371   199   23   383   131   328   594   683   228   1155   387   792   333   411   138   20   122   1226   527   153   546   541   364   384   1079   409   595   721   694   1003   980   54   554   474   90   1212   92   116   147   418   212   591   98   38   113   174   391   402   683   352   132   436   113   135   400   131   539   146   1044   428   514   16   179   1151   694   490   581   142   464   416   81   
103   142   1172   618   343   371   1148   0   235   1161   144   508   1022   786   524   19   167   174   907   316   24   795   556   1216   330   451   549   124   555   96   148   374   1581   388   399   430   577   116   383   91   538   562   1130   432   719   371   103   372   19   225   985   127   761   571   158   694   212   573   152   521   292   194   437   54   98   938   58   696   64   1028   1124   200   1694   418   160   539   80   1053   320   217   154   267   806   1231   857   126   1145   129   141   191   966   1207   167   652   11   136   455   1130   722   22   119   989   165   292   373   35   1040   1172   147   350   539   985   124   451   0   277   370   422   406   505   225   116   326   525   392   1110   781   1230   133   1781   24   0   777   384   324   578   624   108   718   172   1709   632   66   1093   111   176   956   410   52   111   147   24   298   168   389   812   1212   211   1230   455   372   54   867   972   680   1181   387   387   667   873   994   697   605   108   435   1079   196   1012   680   114   1721   57   126   283   598   168   101   691   360   400   409   241   535   167   1046   983   138   582   267   164   
522   521   532   175   742   1087   300   235   0   355   1009   192   461   711   136   362   318   379   496   158   733   149   677   285   41   396   910   234   1648   31   670   0   464   600   1194   475   131   539   538   77   322   101   1132   330   695   296   597   683   677   1210   345   175   335   1054   901   1725   167   414   542   138   1056   737   573   92   159   468   14   164   1167   456   183   352   175   72   543   1028   1216   324   806   380   1176   168   479   1026   145   1026   571   1771   119   1279   1118   142   923   456   216   664   1152   112   123   394   1160   0   436   166   309   437   106   846   1203   152   200   272   64   1045   682   460   159   695   428   87   397   443   322   19   149   803   540   297   660   20   528   182   332   247   178   302   744   792   20   1096   0   1054   1129   210   61   856   130   183   77   825   617   550   125   1045   85   89   487   489   14   401   516   1044   333   1068   597   145   374   380   204   1098   551   495   716   1129   539   112   447   0   1132   1120   1171   484   62   119   129   229   210   611   8   52   136   1725   1073   1077   326   150   452   157   742   910   
840   272   493   184   394   389   1660   1161   355   0   745   474   167   435   107   199   0   220   26   522   734   449   368   428   931   1011   128   48   624   97   707   100   131   368   476   57   355   846   758   354   93   40   9   333   302   25   96   511   906   434   1024   1039   13   694   160   437   290   1045   9   475   99   1092   527   442   1239   80   721   327   332   1721   174   517   1151   904   348   1217   781   304   320   1138   1749   1250   1155   161   1181   1080   383   90   599   575   537   546   547   151   463   1031   750   119   1165   82   1724   144   813   823   981   516   138   1159   1043   487   312   169   77   18   384   456   69   258   198   292   582   113   846   160   361   1131   783   129   346   1154   750   20   44   1184   1105   228   543   0   468   971   71   960   168   126   172   1058   461   46   66   321   290   423   4   136   761   231   1108   0   1038   148   550   554   375   104   56   497   918   582   1115   98   1206   386   539   40   82   5   967   156   258   787   270   614   281   20   1237   927   158   116   517   1057   151   1164   1102   135   147   518   435   1048   6   570   
231   339   368   1175   778   257   948   144   1009   745   0   90   1705   16   27   1132   129   455   281   146   288   795   295   441   101   615   613   705   1189   36   845   136   500   29   554   1004   723   590   405   1059   362   1144   119   406   212   1087   112   168   139   528   661   1200   521   163   18   548   859   336   1038   1027   30   35   306   474   167   326   900   314   359   297   519   1204   73   57   582   97   603   411   165   1211   14   71   751   500   104   681   159   778   449   155   550   219   331   1706   387   394   187   342   55   1135   327   982   786   461   584   74   516   168   56   0   55   437   443   555   1257   972   334   477   332   255   38   1087   402   167   393   1145   1062   996   523   1698   460   456   135   367   99   1084   305   311   118   956   379   115   621   250   1118   43   549   1052   154   776   138   1031   1140   908   1012   496   140   806   996   981   652   316   626   511   631   761   138   456   85   640   812   538   1179   175   368   725   1114   457   77   544   536   41   534   639   1092   153   1016   92   334   496   573   156   163   130   527   165   423   1110   674   134   
404   686   116   34   32   135   433   508   192   474   90   0   1181   135   744   133   326   1616   356   1086   119   845   304   85   0   998   109   981   386   157   304   830   422   365   1218   646   805   123   153   748   216   46   518   112   111   131   911   94   217   104   528   97   308   694   233   177   598   923   447   660   214   228   32   817   148   626   1078   524   427   14   1001   413   27   119   400   71   255   596   56   303   700   132   160   1026   722   133   615   68   560   352   980   319   1013   91   123   1122   496   467   777   348   1074   452   799   263   504   319   683   281   239   540   166   417   32   645   1043   164   1075   490   910   1223   1721   1048   116   378   197   19   16   547   289   200   419   589   1086   75   1783   910   89   464   670   347   748   396   123   505   39   933   532   974   159   1050   215   458   99   102   211   736   1152   1223   0   375   150   143   1137   459   162   133   721   255   411   1155   927   467   451   534   645   392   787   461   292   57   310   532   555   366   98   319   599   154   99   16   184   211   552   373   416   594   138   176   1230   1098   
330   1138   144   172   1142   523   75   1022   461   167   1705   1181   0   402   158   1102   381   467   110   558   17   910   772   107   15   1233   36   320   50   58   372   1080   975   0   407   384   0   960   587   789   137   710   540   1061   58   126   1044   383   640   522   157   67   312   527   25   228   761   128   36   1135   67   1082   31   79   709   400   503   358   1114   252   473   303   219   364   138   1111   762   913   378   1180   1097   481   209   170   688   527   477   929   624   1095   113   86   722   645   701   764   61   210   6   403   409   651   562   330   31   456   1201   475   213   322   464   243   1230   137   570   387   292   55   34   305   1103   131   181   122   1002   364   723   227   493   54   496   1025   854   136   1222   340   153   52   520   373   380   467   523   591   164   82   421   754   523   630   117   181   501   511   712   155   502   1031   374   75   446   629   140   166   812   1204   1028   967   5   537   795   80   94   371   1019   217   152   263   46   1068   158   582   98   161   538   365   399   110   637   205   355   167   564   571   1080   436   456   99   524   1709   
1102   332   440   496   439   305   537   786   711   435   16   135   402   0   743   67   1086   409   354   972   0   125   19   594   92   6   1679   0   149   412   431   419   459   112   1049   64   470   456   778   631   673   587   400   556   423   184   73   1581   448   326   981   1052   423   264   100   86   43   583   1129   1129   441   55   223   592   513   147   321   135   175   471   196   143   375   113   1201   1077   1154   202   13   479   0   1105   876   234   1164   754   789   689   150   474   1592   688   473   36   1025   132   166   0   138   1834   117   637   4   205   682   486   355   1725   299   0   786   23   415   838   128   98   1122   316   0   336   550   174   150   18   573   537   640   277   517   433   499   1062   59   1731   0   1014   803   690   380   432   976   766   129   163   713   514   154   661   135   1189   175   18   553   237   513   122   324   1083   403   1077   409   550   556   63   82   20   1092   56   196   155   333   13   165   171   409   1008   44   162   562   48   115   135   477   103   740   1119   1064   433   128   374   370   709   512   80   137   602   159   520   757   519   
156   757   275   140   1226   52   139   524   136   107   27   744   158   743   0   777   744   99   1002   331   364   152   226   119   973   351   129   240   116   292   768   210   196   348   706   436   40   502   1061   413   497   1230   1073   0   532   365   1032   1267   1831   225   1073   1092   1032   855   515   602   221   1194   430   53   361   234   404   110   160   209   119   326   12   130   356   1156   599   63   175   1009   860   151   152   351   101   405   55   223   107   1222   477   640   524   119   106   145   1266   972   204   1188   1105   617   465   511   368   1208   419   206   701   374   487   324   21   89   97   490   596   669   1189   544   335   19   67   1660   74   448   107   1066   190   28   519   1096   1065   591   1054   94   462   778   324   235   336   52   757   594   74   151   988   148   173   513   55   1094   1038   125   358   396   231   148   81   521   577   242   1194   135   546   1051   841   611   244   975   1021   1207   431   51   900   387   11   201   1030   1023   132   94   156   201   214   352   111   704   541   233   283   1114   26   387   174   167   67   345   158   1086   463   1114   274   1050   
410   428   99   158   926   66   90   19   362   199   1132   133   1102   67   777   0   609   846   124   117   1129   149   657   45   210   116   57   55   102   506   231   1128   618   413   131   321   340   1142   37   580   123   36   443   222   1   388   381   523   350   560   176   560   691   561   1107   1125   1128   221   0   308   573   569   501   1048   240   82   124   1102   153   313   758   401   140   660   1119   116   223   144   33   683   60   165   436   131   380   519   394   443   1141   146   19   102   21   139   391   1124   1616   1147   964   133   103   139   1240   624   161   1017   35   140   455   238   96   425   396   1230   352   549   173   1154   559   605   361   554   61   745   459   18   676   151   397   989   313   508   316   450   7   0   18   150   510   191   819   516   1031   109   39   425   1147   111   477   609   14   60   269   1191   8   507   216   368   374   90   1237   55   205   369   1061   1201   855   175   293   41   1137   61   394   133   667   44   496   1114   80   1106   658   128   410   490   181   678   527   132   440   35   433   66   550   19   389   465   1066   702   624   910   
532   1038   572   41   423   1175   112   167   318   0   129   326   381   1086   744   609   0   84   524   347   120   1151   346   436   462   419   122   340   299   283   987   509   318   571   457   134   212   44   432   1164   92   613   219   131   396   20   405   432   41   56   159   329   60   586   556   72   296   143   1264   491   1028   1111   739   556   562   154   52   1002   407   551   132   474   444   292   387   220   228   1149   70   1208   1179   108   1125   402   646   70   1161   0   16   619   60   12   1017   1025   549   371   1191   212   315   150   1073   92   176   17   1114   496   220   33   112   1120   604   650   48   356   553   445   624   75   1073   97   427   321   1024   603   593   1095   162   489   1098   0   1066   1110   942   429   1179   1024   1007   408   970   575   895   57   17   753   216   1176   1648   272   98   382   336   924   60   114   87   1173   350   1154   19   842   495   161   508   366   830   552   35   285   460   30   33   132   352   95   608   133   252   1216   971   1221   714   411   505   308   553   1132   981   1144   5   753   54   524   84   1128   313   332   1088   383   618   138   
348   110   686   0   119   1086   575   174   379   220   455   1616   467   409   99   846   84   0   578   209   112   555   571   134   166   302   1106   1140   151   302   400   174   306   193   1145   98   142   1145   98   699   51   153   371   752   102   1116   367   242   503   50   70   280   382   150   49   149   1075   649   382   1092   50   174   115   1250   1616   261   128   1187   234   1279   1165   184   138   142   387   0   474   453   591   736   19   1   570   487   553   1127   92   553   212   376   41   347   1781   800   263   164   85   436   763   591   535   85   151   171   1025   68   407   535   1033   1187   78   42   656   976   1025   141   244   361   159   519   1044   157   204   13   52   233   68   755   981   114   50   66   304   370   1141   127   150   248   128   564   427   437   129   129   646   23   1085   12   61   1016   36   840   386   320   240   656   343   1105   170   230   48   344   136   869   554   417   570   13   512   378   165   447   182   615   1178   438   31   255   418   318   1117   152   691   1081   283   806   18   75   582   330   129   510   568   458   712   552   387   1095   190   978   
582   441   58   1098   515   479   1161   907   496   26   281   356   110   354   1002   124   524   578   0   74   181   723   487   293   587   666   222   1050   155   581   989   505   1216   432   1231   24   343   1180   1129   442   211   786   110   122   223   723   409   650   976   21   316   390   0   213   429   403   522   1758   228   472   135   433   670   309   1080   429   426   553   51   113   109   205   242   412   687   159   1018   1724   150   97   337   71   562   153   159   104   137   187   151   608   1007   382   36   212   70   714   540   457   354   153   36   460   968   292   362   490   116   1093   1113   554   901   599   975   737   530   570   123   128   1197   130   651   1102   917   42   1093   315   970   399   369   1071   1072   1021   240   401   205   272   131   510   216   1120   135   1040   58   69   570   220   119   475   789   1026   568   1006   137   1106   1098   255   846   1231   587   625   109   227   715   148   999   418   53   806   224   110   107   679   225   1095   547   83   119   483   39   302   81   882   721   389   403   165   1084   530   624   0   1648   807   333   474   277   120   390   288   22   87   
355   496   532   141   136   461   400   316   158   522   146   1086   558   972   331   117   347   209   74   0   151   364   778   104   977   82   647   209   146   381   916   1028   100   1107   17   65   193   582   18   417   1207   302   513   294   1174   658   423   295   570   164   21   24   573   224   116   21   69   492   1062   493   172   335   1032   424   90   1152   636   94   149   846   52   120   404   1052   413   140   1181   408   120   373   72   428   14   549   160   58   504   542   781   443   96   1205   857   141   234   373   157   1129   1060   1089   0   90   748   1086   1144   1001   1170   327   1065   1089   406   473   600   1233   129   1   157   1115   19   106   715   463   402   221   228   41   18   247   465   799   140   1092   123   285   440   403   121   688   419   122   0   812   1114   1074   1068   279   50   695   383   1026   174   171   152   147   162   265   219   160   754   92   20   621   44   605   123   621   529   1094   364   155   41   1066   1074   860   1194   619   82   421   133   190   812   596   619   1017   148   999   230   1724   519   418   205   639   128   313   158   140   363   133   253   209   
1004   367   365   27   70   311   1011   24   733   734   288   119   17   0   364   1129   120   112   181   151   0   652   56   1106   728   378   981   964   573   140   131   630   38   621   67   673   224   713   135   1725   799   549   474   966   1084   748   241   340   965   171   36   90   18   285   211   330   80   595   119   92   115   336   311   583   1028   440   273   964   527   363   87   7   223   441   950   347   271   971   223   98   206   235   17   425   190   316   1019   126   1073   582   159   1080   84   114   615   197   937   138   23   1026   181   915   1132   173   105   74   706   599   62   678   557   153   412   41   1246   0   642   255   575   585   22   654   508   60   276   508   1193   160   438   764   537   737   891   684   699   611   12   1024   592   438   497   1106   130   975   316   1145   27   636   236   546   737   179   8   152   314   553   586   461   1102   14   619   336   1694   1697   167   472   159   664   530   178   36   766   702   115   954   942   94   31   418   436   316   141   44   311   119   687   976   891   498   937   309   25   277   159   587   1159   86   830   435   167   
211   604   218   162   85   918   556   795   149   449   795   845   910   125   152   149   1151   555   723   364   652   0   518   1776   1080   139   130   95   505   133   338   20   30   191   517   474   918   532   178   652   238   150   1040   700   22   147   153   1721   139   401   597   1130   144   1077   794   188   90   617   734   1013   223   89   683   86   570   74   363   152   56   1120   1124   182   434   93   555   104   408   1033   274   544   151   626   355   149   928   108   136   455   35   971   566   1129   528   580   669   100   508   423   710   357   130   1008   251   27   257   399   464   67   381   31   159   549   361   495   445   115   1072   1105   174   408   34   225   1045   996   130   374   0   229   528   271   87   83   149   587   1751   590   613   439   107   1130   977   932   142   725   547   461   134   138   170   1155   140   396   1128   112   1073   474   664   540   436   26   114   349   1139   112   1072   437   409   84   886   66   1196   217   544   1155   134   97   670   407   781   433   1068   147   178   128   366   455   960   758   225   147   510   1137   1148   351   150   1080   363   345   31   681   
1638   94   18   716   0   1205   456   556   677   368   295   304   772   19   226   657   346   571   487   778   56   518   0   255   505   615   165   119   1128   194   571   964   1027   750   1064   503   721   90   608   581   355   217   149   1156   87   215   153   550   1190   950   384   787   35   537   97   652   800   401   869   972   0   15   521   189   1257   177   156   332   446   1052   1173   127   566   510   190   960   423   52   64   683   1026   111   517   240   753   328   0   62   97   686   338   397   1034   409   170   658   1724   608   987   242   109   704   999   476   0   310   153   146   140   191   158   135   207   225   41   228   165   88   175   106   1173   555   136   0   133   460   1184   841   152   596   1173   842   942   55   981   967   539   661   158   417   394   360   1070   108   438   31   0   273   835   222   532   263   14   63   506   1132   636   525   179   1028   571   436   549   334   153   965   173   79   208   397   57   341   1182   174   521   416   92   43   425   360   93   757   24   835   855   799   541   487   752   400   910   1066   36   400   175   224   694   734   58   51   
419   437   666   142   812   142   1114   1216   285   428   441   85   107   594   119   45   436   134   293   104   1106   1776   255   0   322   7   131   322   18   171   147   57   902   12   276   467   461   129   152   156   57   971   211   455   1077   660   172   120   684   196   1016   493   1059   556   1125   1009   554   305   438   419   1016   840   405   427   47   145   465   360   736   1039   142   142   714   758   1082   385   258   374   220   546   1048   158   60   1124   1079   150   103   1139   274   322   35   537   706   830   225   196   602   864   992   334   1004   1202   1080   670   370   110   981   136   1000   64   191   19   532   147   137   295   217   136   677   272   968   21   531   518   177   290   532   286   145   1065   1074   132   619   459   74   72   353   182   110   630   514   43   786   139   301   441   286   182   675   100   255   383   7   174   1131   532   1001   1064   31   670   860   135   210   1081   327   422   1196   88   106   254   540   554   1048   1200   195   42   1181   160   1220   632   460   354   189   697   439   122   322   572   69   553   292   1054   808   364   552   110   883   605   1700   159   
1155   487   570   473   1019   280   1073   330   41   931   101   0   15   92   973   210   462   166   587   977   728   1080   505   322   0   424   1053   422   88   80   466   20   88   400   295   1080   24   163   355   597   306   313   254   138   231   98   0   461   476   119   52   914   190   205   166   39   398   627   588   690   86   737   372   737   174   178   1080   1084   575   1016   792   1021   139   466   0   1028   544   1024   387   399   336   229   1088   1732   619   0   163   109   483   1184   1076   353   20   419   938   407   390   670   77   0   20   98   375   0   388   30   235   565   51   29   13   598   441   89   780   733   553   1169   854   973   594   665   965   969   222   315   1165   222   118   255   536   178   217   121   31   459   331   31   74   532   209   977   318   587   379   39   540   357   421   147   542   221   535   886   954   1226   15   991   780   685   219   73   129   114   274   241   860   696   467   107   135   94   382   15   497   989   165   225   94   919   474   1144   679   224   83   1011   1145   1174   403   60   736   64   1105   147   147   1093   126   57   168   886   
699   975   755   128   381   1005   916   451   396   1011   615   998   1233   6   351   116   419   302   666   82   378   139   615   7   424   0   61   0   591   539   1027   130   31   166   6   405   111   1006   255   1128   481   926   119   64   962   231   774   315   129   956   625   162   1073   562   123   132   401   152   605   1694   142   727   1028   365   366   163   137   564   438   75   417   87   286   1098   571   1184   1028   141   1239   225   125   1216   1022   305   525   1149   128   121   164   708   613   409   556   1705   413   446   269   122   474   563   1136   119   390   389   258   428   148   1117   41   19   39   696   103   730   185   165   1144   854   74   156   390   1073   456   352   54   584   157   241   463   103   91   109   504   318   399   313   518   81   50   632   1110   88   494   31   475   585   434   361   282   223   428   347   931   362   103   187   1108   316   505   281   228   599   396   652   580   506   580   702   13   1178   94   387   135   1136   666   781   433   14   680   409   982   308   1059   146   82   429   1041   418   675   1111   812   810   50   573   907   573   1045   631   949   1152   
777   524   41   1206   135   196   16   549   910   128   613   109   36   1679   129   57   122   1106   222   647   981   130   165   131   1053   61   0   162   149   112   347   0   1030   440   1054   580   397   46   800   366   1159   960   391   1066   102   71   338   431   1024   891   150   812   504   160   476   225   17   430   78   490   393   854   716   30   205   94   23   1066   194   82   210   82   975   358   167   299   652   143   428   353   175   520   332   312   62   1026   152   1026   112   13   1024   272   126   605   148   544   351   157   115   99   511   30   93   229   455   608   527   1130   838   177   23   176   497   128   317   1000   542   41   351   122   162   529   119   391   35   135   90   1086   663   64   60   460   216   51   806   917   487   195   832   243   41   504   748   57   0   295   521   656   386   1009   21   1054   433   295   1094   345   450   425   347   1009   427   34   59   660   352   973   161   44   219   755   18   332   90   153   1114   1243   77   36   164   132   90   151   673   148   554   155   1248   914   317   1223   417   554   956   684   546   938   1116   1044   184   207   
1205   1054   907   231   195   323   963   124   234   48   705   981   320   0   240   55   340   1140   1050   209   964   95   119   322   422   0   162   0   1051   929   148   910   321   411   97   155   1075   159   599   112   102   152   1162   413   170   147   1019   351   376   623   328   185   213   1047   1233   1079   1201   394   451   176   670   392   388   0   1648   170   532   535   511   421   104   421   67   352   617   137   98   92   307   121   272   1075   61   90   7   60   687   1128   225   1264   849   298   1669   478   305   41   472   144   315   65   1145   678   554   102   609   125   396   133   162   447   453   661   528   207   928   384   473   39   176   1051   312   387   525   67   171   149   977   968   997   103   300   1062   355   63   1159   200   456   1056   1132   0   91   1082   1148   86   176   1216   1128   77   162   85   187   82   18   425   175   1206   417   68   423   275   1161   548   146   560   1094   72   443   77   273   596   494   387   34   238   1151   3   119   403   503   1106   121   132   55   573   305   1068   44   569   1092   75   218   142   609   433   1106   413   413   131   1073   127   
147   80   632   61   110   702   6   555   1648   624   1189   386   50   149   116   102   299   151   155   146   573   505   1128   18   88   591   149   1051   0   212   228   564   390   1111   129   599   147   1216   1053   1230   576   469   100   81   1113   345   33   207   1803   32   12   1154   433   560   18   33   443   52   100   255   324   538   193   918   1126   130   319   1049   909   852   546   16   936   0   540   44   552   1064   1231   476   156   971   206   312   71   330   1783   426   354   128   0   1099   326   602   1776   924   550   549   135   431   404   458   155   692   381   148   455   1006   678   88   128   619   1169   1140   413   484   24   396   52   16   97   454   363   615   529   1159   134   382   546   1048   1068   957   385   1083   419   381   203   474   591   150   432   218   151   98   343   72   1758   30   189   194   719   1181   195   275   133   519   399   195   640   49   91   1206   120   555   14   1204   136   473   1706   146   570   175   1052   598   458   1697   907   146   1122   591   441   190   690   96   168   173   224   521   1046   1084   352   549   608   108   761   716   283   897   124   436   
127   647   39   598   318   269   651   96   31   97   36   157   58   412   292   506   283   302   581   381   140   133   194   171   80   539   112   929   212   0   84   409   646   314   135   136   1004   637   320   131   754   504   678   1086   0   73   226   433   603   133   70   115   41   44   451   1059   269   153   1080   54   108   910   389   540   1065   176   15   14   503   136   128   112   128   280   342   374   721   700   322   136   90   694   388   87   226   1028   440   1176   555   487   1044   270   277   333   1646   562   728   95   320   0   544   36   910   255   156   624   472   435   167   723   456   157   159   1122   337   75   0   127   337   1090   220   1808   433   404   263   1725   402   272   153   597   740   375   25   171   5   32   471   71   643   385   72   132   164   670   1043   13   1033   569   374   118   142   373   1011   1098   283   640   355   544   255   49   207   221   927   366   502   1110   74   1172   484   374   100   0   971   989   372   82   1175   657   1077   344   126   66   0   466   98   1114   453   394   129   118   979   322   373   1076   44   1206   198   57   311   374   
1077   203   92   136   226   916   132   148   670   707   845   304   372   431   768   231   987   400   989   916   131   338   571   147   466   1027   347   148   228   84   0   1073   7   28   80   1237   212   271   190   296   569   179   434   1698   994   154   519   451   92   154   147   181   521   1095   417   122   1065   484   477   0   266   594   14   226   494   72   590   0   1039   37   166   528   13   175   209   972   91   89   386   111   147   208   441   985   60   812   313   569   381   181   31   632   191   41   553   55   598   1727   562   695   152   473   874   92   153   436   676   295   847   271   203   375   238   1119   438   317   75   405   178   1   519   99   149   439   582   581   1016   14   1137   742   0   520   459   238   286   141   810   724   32   1022   1096   69   122   303   150   781   311   900   142   1024   781   1031   1279   178   166   1205   418   117   369   494   58   296   1189   56   1124   560   306   226   133   36   183   582   365   510   58   736   85   1660   1128   108   1220   193   140   295   226   1211   347   154   360   112   1048   299   145   1178   159   782   928   140   362   539   
1007   747   163   131   973   1080   401   374   0   100   136   830   1080   419   210   1128   509   174   505   1028   630   20   964   57   20   130   0   910   564   409   1073   0   260   427   542   1073   31   1237   117   436   541   112   1084   415   147   911   989   665   19   611   348   200   114   90   198   82   217   735   277   609   153   638   771   81   748   1032   1115   1109   115   1112   1020   345   583   1616   95   81   1073   220   1008   800   159   1073   92   309   419   601   949   164   1086   57   14   13   210   98   155   235   394   806   322   554   25   272   150   368   1105   22   138   142   484   1206   157   621   936   657   135   524   187   302   860   1014   327   91   64   387   1074   353   650   438   196   393   305   534   1203   39   226   1063   271   1140   142   1167   597   1046   380   552   77   1208   326   696   112   146   1153   23   1090   650   100   132   140   143   647   376   292   684   502   536   1638   175   750   587   909   155   1187   18   174   387   389   701   182   1165   1072   782   437   949   384   162   92   384   639   74   1700   387   1076   91   1146   101   402   0   37   705   459   77   
210   366   35   514   1127   111   16   1581   464   131   500   422   975   459   196   618   318   306   1216   100   38   30   1027   902   88   31   1030   321   390   646   7   260   0   1113   701   679   911   522   453   57   100   534   539   1080   459   952   801   210   690   149   654   911   519   135   354   135   504   874   152   304   938   1170   42   1834   108   127   132   933   1728   15   761   960   271   151   175   227   981   458   1084   368   393   394   1038   374   753   141   41   1146   1023   155   157   195   469   550   345   77   1618   619   860   392   219   405   448   416   371   70   419   1077   365   481   550   117   683   44   544   133   787   1151   73   75   611   229   1114   397   1090   333   1045   650   1131   761   309   1192   58   977   1050   264   1011   168   1131   596   549   438   487   98   159   1189   710   470   98   228   846   119   58   98   152   404   864   1004   915   337   322   625   150   253   50   864   174   306   1057   1154   173   1269   330   386   970   519   0   345   76   119   57   418   466   31   954   615   64   914   25   126   28   558   88   94   967   81   210   336   313   192   
